0.00175025659993155,0.00306527186542592,0.00826379241388587,0.0073225346776971,0.011073721836284,0.197835721598306,0.573766224442081,0.902012423598123,0.765295342366481,0.603120318510849,0.652517166608343,0.621055218021696,0.377895819036243,0.251876613051417,0.246023154504329,0.170296004226003,0.0752743755286014,0.0517239466443302,0.0643427193896794,0.401416165203335,0.829664485781563,1.02706933839583,1.01840102373724,0.699944496184422,0.620131602332591,0.468213490088419,0.263463577152813,0.188285710920652,0.0938225555659926,0.03872999166069,0.0341035593545348,0.0926624470523357,0.123533455576582,0.0757177582667923,0.103216785198391,0.226676494492125,0.215925238670365,0.137437568319928,0.141179521643554,0.169420711269521,0.181775469788801,0.172712936837471,0.202840375533559,0.238383927305183,0.266786493289049,0.282435621261953,0.316163806414827,0.251686825711033,0.215183885008659,0.177209368749019,0.177159234749611,0.294639179092921,0.276178379964574,0.328849038012863,0.391834413073651,0.505530641607674,0.496828216838615,0.35782783349809,0.180261519508008,0.21060571620469,0.298773792748142,0.169784923867675,0.0671310168592173,0.0531136941612226,0.0543649894789365,0.0605525635217111,0.0212996600503166,0.0146821489402049,0.0182632981584516,0.0186821024152664,0.00566952047128776,0.0113713518997777,0.0113664141377277,0.00351881395004821,0.0128770865644478,0.00810835289980748,0.043015563251764,0.238866150851718,0.414763092358323,0.23184398169242,0.089143405376306,0.19538457042085,0.243685369464381,0.100857394695237,0.159918002096901,0.21089204659659,0.164264740826088,0.0846688208022003,0.14246604597362,0.180342830581698,0.126039483093718,0.12354238983222,0.168804865647814,0.24927031494557,0.258320147617377,0.194987684744051,0.186246203351203,0.21305513296936,0.226754739393962,0.181312938131263,0.127644980300597,0.0520404873330156,0.118852042797113,0.0418816535856456,0.372928785392645,0.708389372706013,1.04888028114231,0.913871330289473,0.77420773777038,0.538907979527778,0.396975549570499,0.377397250044397,0.136497328475268,0.123461660938864,0.118231362411818,0.0796555843567613,0.0293979186442609,0.0113387518579268,0.021080033777911,0.0129626352836488
0.00498473494576303,0.0126332578167138,0.0205669259755623,0.0359914291658994,0.05785454222055,0.108617301627584,0.288429558862394,0.239791789527413,0.381895274365973,0.34017238052444,0.21715749514242,0.226267757612897,0.264571934786261,0.154734314159142,0.161109130859001,0.184513420615788,0.0998255770882389,0.1036748978154,0.163842796539072,0.0857730171884256,0.337039662500813,0.460673031670014,0.416731942541525,0.586624404408224,0.60035904188317,0.657451215928349,0.862045006277675,0.839596833208131,0.759453170417412,0.460887389337045,0.0466554282879973,0.54781423436515,0.652016943745599,0.340691027008085,0.665491061436914,0.973213959288857,1.53894259797618,1.35381671755887,1.08225527095466,1.08498582236775,1.03190537070522,0.854745477791446,0.791974922932018,1.04760017369728,1.0795231393186,0.990512521419137,1.12611437303857,0.988246221503433,0.699875795416953,0.598791628450753,0.358161621236851,0.496351919515217,0.7290967084037,1.04460088172896,1.47639722139209,1.51605717691173,1.16125557576137,0.890618351081653,0.833387396344006,0.864580525511999,0.696009183035427,0.512808012167205,0.470868003149672,0.386812331697809,0.18222677600461,0.133618885001027,0.165353592048163,0.0992383656639828,0.0727345428816589,0.0817089843391709,0.0220655210145673,0.0234008294199794,0.0329444893723582,0.0117227141441418,0.0268895864130543,0.0620729701682677,0.0662570940434,0.203178489491013,0.337050112359968,0.428243142479554,0.3771069730108,0.756570918814595,0.728846874750753,0.252915155209413,0.102743729520226,0.337587326262178,0.261602501452021,0.317428658593001,0.332407833041781,0.235666680214232,0.258580479442145,0.391324239241981,0.372936439298829,0.232825756475375,0.165764187855366,0.347068252606075,0.383788532645634,0.330988660054536,0.256741917665386,0.280939512160655,0.321897083885323,0.265911832981843,0.0712599288826061,0.214557896919924,0.380334127122276,0.864753447176031,0.801529915041612,0.466350337957826,0.601667238143528,0.478600477522327,0.221889681038075,0.180073248382039,0.201195270010794,0.196457811414312,0.0950847869533452,0.0551462893485657,0.0840229009983421,0.0449912609679269,0.0409443097372027,0.0404864958999208
0.00792006610647888,0.0137778565083169,0.0117603833450033,0.0116010988747793,0.0169521580778464,0.0180163766222463,0.0711021243890562,0.156907261768364,0.305490379448901,0.233791360603749,0.117227517044143,0.125278397689449,0.120165146820557,0.0570315482739344,0.109111340746585,0.0556331017901243,0.0319579253008933,0.0484715949806376,0.0924701156082261,0.731568676027812,0.259821538418618,0.375997326182349,1.01936711054066,1.21294676350524,1.3427705882815,1.63322408172183,2.1880756106958,2.21454528659542,2.19201228997957,1.0237698893837,0.391062009446763,0.297236969878305,0.182942621272643,0.0977644567584724,0.374662374775627,0.920899195630061,1.36300153231782,1.11080692884225,0.98100789299944,0.759641179633977,0.455180712604972,0.0897427660896903,0.300841636468805,0.369754112786511,0.354168442833395,0.241565836119972,0.239987689955267,0.153429040171799,0.0843469046208398,0.164326770776976,0.302212371107962,0.385275622898787,0.467274067283034,0.210496354731363,0.388531760995185,0.994309040944313,0.843530718413441,0.38815188575491,0.133158831960242,0.369245484671131,0.129802415676931,0.156648520738452,0.131935797740033,0.0779089423278339,0.0150456498334976,0.0188434227862767,0.0299869731631423,0.018187152090849,0.028418653249462,0.0294688722997448,0.0234180327088544,0.0232768371985553,0.0395724665212104,0.0371876756378222,0.0258873747092992,0.0319895394287243,0.0307785354501524,0.488254560653528,0.822108610135905,0.151061813663742,0.510728148330793,0.49485834573554,0.209157314201919,0.354826864492749,0.598669803114697,0.378983743741754,0.276208279413486,0.268865877097494,0.260419811565172,0.360988023992988,0.129842645810398,0.165301275277258,0.0600677942747988,0.0802144267384945,0.0849262515783868,0.160035932809107,0.173997792290429,0.108441611134936,0.124555385900042,0.199454458293603,0.0924665061056171,0.178042752795607,0.303579129964076,0.262916017588883,0.256033108550016,0.342438092405288,0.336161625214501,0.192859741772053,0.185257545257971,0.0775564185577841,0.0656569381203554,0.0368248947412366,0.0240032887249782,0.0157475012406148,0.0208248618407018,0.00902538478033613,0.0198151986259408,0.00519128642412967,0.0173335147894966,0.0133445661429489
0.00574294975786795,0.00759635115134004,0.0103728002030518,0.0119316842422512,0.0144409843307086,0.0403285553511196,0.102830366023556,0.190959679705926,0.277102056433666,0.225349097406317,0.250077908413669,0.139125731176039,0.0298647781964529,0.0444628524182614,0.0463937240377125,0.0742032615074725,0.0673592549429553,0.0861954634951194,0.058497553543151,0.721781599126215,1.32593265893975,0.934945547619875,2.09253853166062,2.88709076176816,2.40604828981084,1.80253129503379,1.37360794304637,1.04675918605765,1.24526502865818,0.455001695034308,0.593584452130782,0.220162170715624,0.26348549228915,0.332689379023798,0.236789854885095,0.884434890908921,1.31146983467768,1.58875920450456,1.68782428221752,1.39285239867388,1.00217316320457,0.430497745264252,0.975483315472184,1.399867686611,1.16314652407852,0.602757133560314,0.988052921102941,0.869684560148759,0.440486270491599,0.789438194286062,0.92558311573053,0.560847237674464,0.6589166281215,0.399123352555957,1.55953362094688,0.587681424650302,0.603633416303217,1.17406216187216,0.294509884641398,0.154477028526112,0.246499799721395,0.173224595382052,0.100413441001805,0.145118048583104,0.103929514624605,0.0996175354650845,0.029308788533789,0.0590127166138054,0.0627050078905663,0.0338230961771534,0.0144190360887524,0.0150385431895828,0.0356147000756521,0.0171436557225397,0.013109590508252,0.0266986532234064,0.0973804410467382,0.676856288461031,0.905934253056128,0.371681554754858,1.32283246869662,0.817584651843763,0.16969668829139,0.428401129976061,0.281590816438976,0.330951060949185,0.206004512736502,0.303395450957527,0.161572754759789,0.22438294640521,0.249201119281884,0.32245041292058,0.282584329914452,0.12974296749477,0.125332556724381,0.216683934194234,0.151761203314665,0.126296083194007,0.111351544399642,0.202813295985411,0.448043858923498,0.11808970838169,0.357664695862608,0.242003109414604,0.106661277848207,0.216114149390904,0.24778020345842,0.140346673607771,0.135658845778435,0.067162482080401,0.0395302233557341,0.0436882441314998,0.0211981778978357,0.00497663394086736,0.0101947652976931,0.00684006535618355,0.0110151933165766,0.00462046218562135,0.0142495533674355,0.010574016095452
0.0100986260812238,0.0139930589406121,0.00827508411407742,0.00372622871551707,0.00532711716523761,0.0088037685939366,0.0158722552482749,0.0132984549534223,0.034009139244792,0.0118702688199916,0.00845772165009199,0.00725228979914641,0.00401070065928568,0.00199543530978638,0.00577282883884025,0.00237629011683775,0.00133198847884981,0.00987092197854594,0.0363760998850398,0.247371913764376,0.276360189075635,0.11737212162434,0.676201358687667,0.46236205124,1.11961175251612,0.853402749261991,1.05154414661016,0.850639842185962,0.41695212997527,0.193383671518508,0.285945969485736,0.095398749480371,0.121302950198566,0.0330124555412212,0.0586696810355873,0.169112658719977,0.308215469335516,0.417299700560251,0.376169791164709,0.452103551927092,0.531864395169766,0.699837307700203,0.639797370565626,0.328540342366457,0.292744049921686,0.21535461109821,1.10330256446872,1.53475358276287,1.02883296392954,0.998126365411128,0.790367540427769,0.97422782140028,1.00038624245728,0.608073589886018,0.620100744789617,0.124174009521368,0.484629525626099,0.569962286197031,0.229955997784069,0.19793917638341,0.145408739088245,0.192907287411364,0.165276873929199,0.0435569186495049,0.0233071502652146,0.0477976062376217,0.0203856512256569,0.0150622472081781,0.0131008025743764,0.00937753073026738,0.010744966133441,0.0103833467946983,0.00198424462524217,0.00420336991487502,0.0119848905839527,0.029833161995607,0.0265798806556043,0.369300426905261,0.757730043226765,1.22212614850077,0.812892699112491,0.900656732062169,0.590850422825215,0.377186939316761,0.965960046836688,0.479021758724562,0.445188487252951,0.309578128485205,0.223152519219712,0.210507377328616,0.223604938384044,0.1739234807405,0.279895497446728,0.257184291775636,0.186260571744556,0.0917228211909994,0.0762119874115977,0.197215420381475,0.227729281133787,0.113424510831141,0.126362029647881,0.203198687440136,0.210093474313762,0.0774144342854529,0.102546101484608,0.114588639035626,0.0785711541987145,0.0473532066837525,0.0529833437268812,0.022767591117351,0.0275172752574949,0.0075632610465409,0.0158163709890927,0.00394494307482041,0.00527426090045998,0.00234288005678272,0.00386706657681662,0.00160205410264101,0.00155949349335611,0.00188306201417396
0.0125578843276862,0.004957441245223,0.00575510979894948,0.0020134017876389,0.00248032765901114,0.00127165602517923,0.00167220178269486,0.00405899362189016,0.0149457217762388,0.00282497814238122,0.00343045783835748,0.00251994419811252,0.00162163526922596,0.00211205699548957,0.00114539421084546,0.00101556660009972,0.00279987945624241,0.0149613567564787,0.0159934076462497,0.0704915390172065,0.140283019815924,0.176869029160773,0.124160760025513,0.0958701007455115,0.0989506808536368,0.13519168109765,0.100894777010315,0.153746767051617,0.114884137152617,0.0283055145024949,0.0283408968918858,0.0368833038092233,0.0164225591741174,0.0154041386658537,0.0295539109289693,0.0561846926629186,0.0727690805203437,0.0723930345657506,0.0814709618566805,0.124427598334969,0.183286557699724,0.282834965837875,0.381736357816691,0.349753528682353,0.806113205661307,1.23722520779438,1.25794907116008,1.46688406610177,1.32556814746612,1.0227921432901,1.34734645070326,1.33042740415202,0.866587495238134,0.521324664532534,0.504605904785902,0.521414089800639,0.441578235608618,0.275118165354057,0.169305542217291,0.0497635676656914,0.13378467196086,0.0536190445258821,0.073027010297965,0.051545184641651,0.0239580535184984,0.0358693833824105,0.0178064705649843,0.0132420781179614,0.0116894559080465,0.0179634389316162,0.00507539486801167,0.00376130410100865,0.00461237766769988,0.00360937602594076,0.00519684576923746,0.0127982195424796,0.0256974452531032,0.0605451604022065,0.19607241563207,0.457818465430438,0.178892143638478,0.521271029842017,0.156670059382312,0.296475659028636,0.631128009065161,1.32500423352944,1.32144382822321,0.624314463693222,0.789978972800805,0.550489303551502,0.246504658215853,0.576798229032016,0.30729937114975,0.76780507574628,0.540959358276541,0.781949163675184,0.88355620036654,0.460502542283989,0.443801480827241,0.143791377698032,0.527817776592259,0.20263085746828,0.15563387471906,0.235048022339493,0.20486434027887,0.0582614361467591,0.0303199586123186,0.147123216545889,0.0490070364777513,0.026686197582173,0.0162692378013133,0.038394716253042,0.01419392270816,0.0138336562466892,0.0021096810605618,0.00551631952579239,0.00580295950433017,0.00117304915370453,0.00326304135914663,0.00213794955950814
0.00410096319612107,0.00364980667840387,0.00564790319269001,0.00262198115720522,0.00194784449552206,0.00221138495700364,0.00262602510865747,0.00199308460806472,0.0108186978803071,0.00218990028057305,0.00316129182533184,0.000927076850201886,0.00220759174810184,0.00150652103275305,0.00341159937877958,0.00168627971921598,0.00457484961098257,0.00929771528669399,0.0132109141945262,0.0290859851345354,0.059538910567351,0.137416827531982,0.0630831010578815,0.0757361345408607,0.0351196161569807,0.0671069598823466,0.0193127814671689,0.0179482001880746,0.0250203671379311,0.00962124680822327,0.00626339804007529,0.00900179937461869,0.00903986445289238,0.0098968528061061,0.0382853490461125,0.0576940688949942,0.0867283059818399,0.079199616234372,0.13350474800664,0.242191389164414,0.20744572581464,0.255707732705461,0.186170977751669,0.199465121080124,0.464365812805775,0.689863140970587,0.410727521140456,0.431840487754407,0.531121519567065,0.237527495207443,0.210931192547045,0.186299659085276,0.129139172787922,0.248632346878341,0.132295858750084,0.243371130119009,0.173104512038704,0.0820182433902178,0.0344664515169206,0.0964371349327737,0.062550266039295,0.0342397184133255,0.0082791419919527,0.0230375151041413,0.0130356270718715,0.00668808324453793,0.00993540106292142,0.00787813920114242,0.00312968763570776,0.00306831178696198,0.00336084088420769,0.00111398026626235,0.00419228946161179,0.00174106940829728,0.00643623386363626,0.00698539204613996,0.0122799228781162,0.046706627066792,0.117197884736287,0.192003359056498,0.163381568889136,0.280897235219496,0.224389949715203,0.15718501302436,0.161228271705258,0.280666732639661,0.419592267412109,0.189777998208619,0.177426376656356,0.278596407849024,0.241605127798713,0.418029301972242,0.132578545818671,0.295394930528814,0.438090585235625,0.507826813401398,0.354653446430071,0.197134564810518,0.398394812199614,0.0776857099369466,0.206587406826903,0.0781976892334313,0.0460048298086489,0.0481433126878997,0.0316825004630443,0.0731202893302019,0.0221975698093748,0.0368965285305375,0.0170845618075573,0.0237269501763517,0.0177241966084423,0.00545150157517036,0.0021509840489358,0.00834765694846382,0.00440647255802706,0.00456776846276523,0.00243554499050177,0.00310602586847377,0.00132346899336012,0.00272760694897523
0.00284657276449668,0.00170767127799316,0.00107704218493859,0.00299574293330395,0.00432831362691181,0.00285595047213473,0.00340645287251994,0.00142136302837,0.00707186202616189,0.00140771202467414,0.00136889356714954,0.00139817423296475,0.00240829910025374,0.000997868920619472,0.00125022697397813,0.00121873629702152,0.00174794308764551,0.00309663772375034,0.00144842161487897,0.0153435308202211,0.0311649786946832,0.0477902507772743,0.0811275951277367,0.0455056065568019,0.0498760264153515,0.0473118151175772,0.0366688842937326,0.0209382859412368,0.0324635476991474,0.00978296811414012,0.0104789184532052,0.00287941879479406,0.00478290640269586,0.00676997507938467,0.011605503360463,0.120398123884992,0.164656295618237,0.141576844636575,0.0744062033796487,0.0625256897118042,0.0734020055886387,0.0886455664661951,0.0381321733513586,0.096762872308091,0.183505016995779,0.661173849680599,0.412180758091354,0.315452950901323,0.350848803101394,0.221181151895441,0.27099041261656,0.172074923628902,0.104623893867055,0.265452315081154,0.199698086999183,0.216506211659665,0.11069923811747,0.0780852285152748,0.0357815478154297,0.0467075327979385,0.0156009288161807,0.0412929493177756,0.00960799166611134,0.0126379893311638,0.0111038562123373,0.00381066406193687,0.00388404636133047,0.00511680111706162,0.00377321114395249,0.00161838117529414,0.00301422769757321,0.00227183339564991,0.000939988347614243,0.0022083642266861,0.00357203029245713,0.00184791186729392,0.00794221505738018,0.00900002786424878,0.0171613782968829,0.0208969578733675,0.0122683379148045,0.0607560944816499,0.090221881750027,0.13953468642086,0.128398954410166,0.0210486353340406,0.0420599936904448,0.11269282597078,0.149410167683078,0.05747940356132,0.0808662889225483,0.106738921119062,0.111227444665732,0.156868621388768,0.102062243492137,0.0884535534722526,0.103270291584294,0.257564087594497,0.146574749809074,0.0899372573694735,0.0792793761576652,0.0216629297464008,0.0336246214339396,0.0277510268749571,0.0121657116970845,0.00772759803748724,0.0106637909856282,0.0146540226449844,0.0100498200605181,0.00789011056469517,0.00114421322524912,0.00182198748118838,0.00442081379934097,0.00141748793284612,0.000954024236512223,0.0024027683066973,0.00249735060055349,0.00211406964984297,0.00145205420924869,0.00191398991483684
0.00358981733629135,0.00302928272617743,0.000915844633313252,0.00238682860436701,0.0019199026424445,0.00121587250430506,0.00229518473586045,0.00176622397040432,0.00550895716148599,0.00307512757244328,0.000510596019114543,0.000965316614064521,0.000893364856990041,0.00121517818279862,0.00165493956689214,0.000455921338873445,0.00134480615885728,0.00451838646781051,0.00236934670015379,0.00635243953182468,0.0231416020342825,0.0364489345221147,0.0109903155670929,0.0229016704045676,0.0175535072553986,0.0170737963898727,0.00513777644494186,0.00878588892318979,0.00867278116582706,0.00993762341729919,0.00378817924851399,0.00342506352791215,0.00226804010305143,0.00400379389378672,0.00787391369136287,0.0181415252623156,0.0357569527905905,0.0425072916757602,0.0224378485752439,0.00815730204356557,0.00993243158907419,0.0248718550066518,0.0344267055531345,0.0721869971100114,0.249884839748432,0.887579408986223,0.876508713240797,0.756828418255275,0.440730516478579,0.194997982388419,0.215755809223475,0.27901483615834,0.388243522022902,0.135393439915036,0.137250511512442,0.0798192477185726,0.0539121910688111,0.0773592969315382,0.0430529734172138,0.0480501255254366,0.0174474201257832,0.0165266909997115,0.021169309024658,0.0139160069626235,0.00288322215359389,0.00632467996566612,0.00281548615413851,0.00446677412053072,0.00710177936112338,0.00202007616055814,0.00220141507101114,0.00250685490081917,0.0019922905342539,0.00181889305096198,0.000955325243466483,0.00340471518296629,0.00342291889678139,0.0101548717638341,0.0183569988932271,0.0180071195212512,0.0180611566911485,0.0245709803767454,0.0201474164699659,0.0265471714742059,0.0529530264073233,0.044234732882173,0.0552562571591945,0.0627451737255669,0.0335028985678011,0.0536764406132515,0.0347787958236354,0.0475842281022324,0.0675115259833109,0.0635298289672127,0.0726234664414478,0.0381933240203729,0.0451413755173774,0.0549128132578244,0.102181770642125,0.0477337829264094,0.0518501029345303,0.0205824703497762,0.0168028623787416,0.0360502352937826,0.015407740862935,0.0224981422907236,0.00843784861776651,0.0140831381186737,0.00577728478459856,0.001984966496182,0.00533990969406834,0.00277326251978801,0.00454637108682613,0.00172079194389007,0.0012365177918546,0.00217155989539494,0.000630361808159905,0.00240351378728944,0.00177543157479417,0.00151962356348532
0.00195681397313967,0.00190213813988153,0.00323302935696395,0.000959733710878877,0.00217288102090434,0.00478961982515405,0.00267730066585504,0.00199505840829731,0.00311042468363276,0.00262724323203472,0.00135848363220879,0.00131768430338937,0.00216884023458581,0.000845647948742322,0.00149675434096079,0.000984014419345561,0.00226413188181732,0.00521599435463259,0.00455859658186777,0.00714698931172346,0.017977664743715,0.0290594311998441,0.0120402698879137,0.0202002747859409,0.00992668985566163,0.0040282038410808,0.0139095849272862,0.00883630280047674,0.0179880755608854,0.00595238339190358,0.00441108381199466,0.00521056851560736,0.00430634786943124,0.00483247173120727,0.00265729689197273,0.00879551909990307,0.00486630539846488,0.00483883454400239,0.00293897329864493,0.00355568122060171,0.00214432696530292,0.0064115262559346,0.0141935483133672,0.00828141543200579,0.0411280394788102,0.142599648119989,0.496177746321417,0.67826945743143,0.539305290637506,0.214627030679663,0.406318489031942,0.162835370803077,0.420868121157594,0.269057626906579,0.193580849019713,0.237492499788695,0.0826009999182097,0.13347430365543,0.0874276692300178,0.0255468564941989,0.0240072044689918,0.0174024585758129,0.0229538066239718,0.00792006882432314,0.0101854329858357,0.00538655360760945,0.00510526784181812,0.00386411457210624,0.0032947893982687,0.00501093580019393,0.00211739851745089,0.00182842331246776,0.0039846896638388,0.00302380705871723,0.00394868948825771,0.00324938410659383,0.00709888190078416,0.0106990560735253,0.0268511670233677,0.0203676004807007,0.0257719823285908,0.0359049790938483,0.0539753548100399,0.075574399090468,0.0481836363467153,0.0575279964865349,0.0280595609413965,0.0502539195591169,0.0477547046367122,0.0416186130683022,0.0532163638796061,0.0285726528761401,0.0948962910786707,0.170157171174131,0.144390616124154,0.103779062582443,0.124772362295508,0.176868004181548,0.217225187965261,0.140547591182252,0.110393640682228,0.0443464223842705,0.0891642373981493,0.0193294223877246,0.0530545849170678,0.0365398736678375,0.0478397357758374,0.0437935945439489,0.0281009926308481,0.0156489106990835,0.00814367547175409,0.00712032702571114,0.00566291419050468,0.00722761249989174,0.00498244863579524,0.0059654427466467,0.00331289308713697,0.00338800846056353,0.00205517557912244,0.00571313763648868
0.00138977709107906,0.00312879647569081,0.00590517493575384,0.00120536360226553,0.00243908438609933,0.00393040671659518,0.00315344404698358,0.00337241354959574,0.00234105113790938,0.0023800651761013,0.00103305791501649,0.00500741369460174,0.00202732773394932,0.00357492539629415,0.00229897331484999,0.00254264443615176,0.00675347710444199,0.0169984460210037,0.0117086354189681,0.0685239429120583,0.155230130967501,0.144046526298343,0.116722096822956,0.0185310411733907,0.0925348172796337,0.09082312984922,0.0591845538517529,0.0306253794686133,0.0198482715136912,0.0354623259078048,0.0323071616330035,0.017531143131394,0.0137544729558721,0.00999159825360732,0.0076495339260402,0.0125703076197845,0.00351422046901875,0.00347777725030949,0.0117246534326332,0.00309785627151417,0.0046507014537324,0.00267596534153618,0.00207282191741895,0.0039653704336525,0.00985893314479079,0.0280049966175872,0.0390578530276924,0.0796430778054635,0.149821669492238,0.414829774591115,0.446231639186526,0.295805772889096,0.128658997661451,0.16098822844395,0.117000630764909,0.154005394175035,0.0490689317488133,0.0711667451726084,0.0810442873571603,0.0146896423658893,0.0233812167462978,0.0134967270900857,0.0203043383366364,0.0152225730581977,0.0102943067067708,0.00950774031721807,0.00698045067251561,0.00414797358715856,0.00357945596203482,0.00700861676927003,0.00386729908087042,0.00946138822582521,0.00526545196606199,0.00619222338694734,0.00404028931792583,0.00563118989671852,0.00336126449797499,0.00741471466655106,0.0440011593009225,0.0424058627486808,0.0693174854004017,0.34894937757915,0.366928404322098,0.392292785377729,0.459116670288345,0.136033525271916,0.193127352633552,0.516694587513972,0.192722667290527,0.240925131786678,0.170225988025402,0.33343633639246,0.378391121879709,0.40535285159806,0.307763926100641,0.215459439508322,0.0532327374654826,0.364014619844685,0.131432753227077,0.154323018635419,0.198051855916223,0.0258303163133085,0.105259436568586,0.0159658863857522,0.016228025504315,0.0192075883961329,0.0279248293995131,0.0265103895672001,0.0253288636139676,0.0393992592139656,0.00600384577314118,0.0233030377083453,0.00491211135313654,0.00494382874270694,0.008672933457927,0.00864161705276891,0.00374893856008927,0.0135818018249693,0.00550674200808134,0.00464135353965708
0.00189556936784941,0.00255700107105744,0.0072552144144688,0.00550170890698829,0.0015708452983024,0.00350389348590856,0.00390984380118074,0.0028057917664312,0.00267305473289497,0.00272050236794136,0.00692167656374282,0.0075869622626015,0.00599793474422739,0.00610298155724021,0.00564362530350892,0.00209920025412944,0.00322429855005342,0.011966456222946,0.0135345278445568,0.0318409662727256,0.0669283535838293,0.0880402429224623,0.159035928552667,0.13545901088883,0.0984676285020211,0.140858410541113,0.16506762622059,0.258872469751722,0.16074474877203,0.0901269656275708,0.15019493533649,0.0435352516383493,0.0396852259966976,0.0387970313599286,0.0289518266298836,0.0331460258368324,0.0153740439399452,0.0267407895929831,0.00920869620832552,0.00462880257636396,0.00723248438032641,0.00528531186401469,0.00549764503260676,0.00354589735009182,0.00543684335521111,0.00801403033935146,0.0116125802220582,0.037709253628256,0.0152971397032719,0.0856885429221572,0.202640609898184,0.293312688546426,0.346141905227107,0.357462967195936,0.0868529359052542,0.15030005322655,0.306548229926686,0.118500564136337,0.064572382228442,0.046733945160194,0.0645135433585428,0.0460908619267288,0.0215685382119385,0.021488848532058,0.0122611733266583,0.0117824915527449,0.00562768890395046,0.0114643101879088,0.00479114932123493,0.0036816651583663,0.00577169915798938,0.00572154096346289,0.0044260602032961,0.00340572003226456,0.0072972227844686,0.00480200875151426,0.00514627086658731,0.0047793905635114,0.00781292888658125,0.0152419226740988,0.0563355341682998,0.0567003753734617,0.149572495802104,0.175335875881857,0.0732392066806623,0.162613428955707,0.157604610559629,0.284684610342476,0.117406422458887,0.136006229278658,0.0698406948112019,0.109660085269865,0.186111478162555,0.158395697609751,0.0816286376816399,0.0468684192672106,0.0317620875302525,0.0330759692563048,0.0477109908426331,0.039497293830062,0.00912265745895935,0.015270547634503,0.0133278557876101,0.00404648209682728,0.00337201101776493,0.00741173772747193,0.00447380355594559,0.0064930851592203,0.0063812681218735,0.0042452084596784,0.00588480567911095,0.00336789515845014,0.001964338447474,0.00168638587578024,0.00375675490927246,0.0024106681571726,0.0036828986381125,0.00381287477613341,0.00171302094244324,0.00379868083932336
0.001521156697276,0.00272660914675136,0.00149116428306158,0.00430559587204928,0.00165731547153093,0.00596127372004777,0.0221492607844591,0.0209866119832696,0.00875783173785194,0.00750094520100825,0.01113590859972,0.012721119440064,0.0130334295935785,0.00886785250480771,0.00780525530710442,0.00542398144255988,0.00385342394113649,0.0078961478330038,0.0122721547849244,0.021600808170231,0.0578989830218718,0.0897036198096662,0.0909174068191021,0.17533852114552,0.219344324841999,0.289352003550919,0.125806739822281,0.398402957329767,0.181104154796075,0.185217536643326,0.17834948394868,0.0612982113066583,0.0525779143301039,0.0367187102737447,0.0228160728223487,0.0222192199422886,0.0067479381800155,0.0181680990129115,0.00545386044224019,0.00575977369339867,0.00547267560949246,0.0052542918216597,0.00374079678724029,0.00188358161493881,0.00277877839151105,0.00683695522195501,0.00958624757619334,0.0189230917256065,0.0346569785324036,0.149548991442982,0.211126267533278,0.205555742014003,0.226953915505115,0.189726113224032,0.151225396660959,0.173644346700407,0.101449445070488,0.0733998072145025,0.146503402406203,0.0375225721447336,0.0248265109870804,0.0366480597228961,0.0197749395860311,0.0264111264308233,0.0114053324750111,0.00339190059111373,0.00349082568660588,0.00918342175648757,0.0068601280521172,0.00395125941755228,0.00239532421131576,0.00119063090584679,0.00223165600681387,0.00314549011033368,0.00402909755428828,0.00140136580954759,0.0035868373734271,0.0049683623829428,0.0034223320607441,0.00882370590221154,0.00514695452201624,0.0130103713966314,0.0189102090159527,0.0189166908296933,0.0247440054209584,0.0215926845185441,0.0257046189156798,0.030090774576205,0.0362695777879312,0.0432654715982778,0.0339138563198963,0.0190906441552612,0.0309603342732102,0.0174670898783416,0.0203435635458207,0.00697125574572316,0.0113535999636147,0.0210004509325846,0.0178815941270988,0.0198539966058901,0.0124641262642449,0.00435149276257177,0.00361569466909108,0.00619391309046831,0.00249178867275555,0.003688172798199,0.00358004001980028,0.00417992050637391,0.0036325160265423,0.00288821933573185,0.00336659175300868,0.00304926140506222,0.00347292418630279,0.00192009817581815,0.00248616019520779,0.00134805284648914,0.00251376792512323,0.00145687108106471,0.00348206135350728,0.00235022476336375
0.00235778152945676,0.00194947284739351,0.00203603588509926,0.00201251408549484,0.000941347410259596,0.00260205530019352,0.00516928649900936,0.00595583391586589,0.00661105687524603,0.00634328588805022,0.0062929291877172,0.0188735150719714,0.0134905901400143,0.00388521867103637,0.0046710758574624,0.00245938693043017,0.00214843847365822,0.00809462067344056,0.0143543346412087,0.0392642626088248,0.129925202407596,0.198995133303938,0.0856689484909784,0.158689339024539,0.121314670004136,0.153905112862045,0.241842680510291,0.110935155851699,0.0391746050863004,0.109584857478412,0.104458063523907,0.0789667502886589,0.0253866901720937,0.0232233868851235,0.0299097709777637,0.050303760742832,0.0159416148868678,0.0198173860557038,0.00851640195807796,0.00909174653555841,0.010641290428165,0.00831997199744762,0.00351438959162749,0.00160019694637385,0.00292387411136104,0.00641282775633269,0.0124649999587401,0.0303083276971447,0.049909463430755,0.190353249966212,0.214240094783282,0.288259696774354,0.289164526371111,0.306890164107314,0.106664502314084,0.227249661813276,0.145939151556501,0.088943097185571,0.125786046025553,0.0796506780091312,0.0520210758060697,0.0505925390359168,0.0571654310552624,0.0816523347626747,0.0308352995322627,0.0128636633433056,0.0191815510063156,0.0133236983496628,0.00929711455387686,0.00448114276168414,0.00694838259476042,0.00320981050055935,0.00275324260822711,0.00379803255028783,0.00225519451705824,0.00223243428419504,0.00358158897156218,0.0039123690955618,0.013544253840877,0.0427259797249738,0.0295413678811679,0.0374195241199237,0.0553730551263916,0.0588527665965603,0.0873779341769897,0.0601656087043928,0.140228314231402,0.0606574827336733,0.0584523869350722,0.163867394312857,0.0751809613405538,0.0436819877840429,0.0384104780338536,0.0670560810618531,0.0795238067553077,0.0360347168388552,0.0356969906475454,0.0445830845276047,0.0397637852118827,0.0478442903934146,0.0452658210961641,0.0131350951518506,0.0183893448301514,0.00493497768452993,0.0183501690987494,0.00755869821501094,0.0059699153876441,0.00365481508016368,0.00593903946462399,0.00314611443988558,0.00227635762234729,0.00239745140561371,0.00145045410900428,0.00184438538964956,0.00229074849859713,0.00181009286329435,0.00129680068515225,0.00128765251839446,0.000724690614705089,0.0008469351348728
0.00165452860323899,0.00171939985295304,0.00134242001972171,0.00266326245861137,0.0030657896583438,0.00253017642322933,0.00338846735254388,0.0120938983179648,0.00730703319258826,0.00572554527581004,0.0022862887717399,0.00295243017933753,0.00219349881379882,0.00131735513938225,0.00529344426402265,0.00129826545675377,0.00176088247124155,0.00325304224562189,0.00736026592566013,0.0106226800151661,0.0378619670294313,0.068667310807111,0.0604455668581103,0.12426780569308,0.293848079401023,0.364565499037469,0.233744865094555,0.193408136851908,0.110627890653657,0.0994340329002368,0.155791655716785,0.0394867421420079,0.042498432750897,0.0379085660593753,0.033800279747565,0.0322211122664654,0.0319081436475158,0.0246861206516395,0.00539938884124579,0.0043667893857273,0.00732163206121629,0.00516245177278821,0.00234784002402959,0.00352223298281248,0.00925106906862235,0.0197887729930527,0.019285861827137,0.0381586032145014,0.128390320424758,0.497881642423727,0.223665788664934,0.238502139237794,0.341257637340415,0.609922652317633,0.32485598243426,0.105074615463038,0.109986468865227,0.129136461345337,0.0795453472044791,0.121645174748045,0.0687474308088648,0.0949077860082979,0.14811502092348,0.267627537032559,0.145152659800197,0.0171958186441797,0.0198225350739006,0.0463257260927679,0.0120815970287421,0.00673797963966807,0.0156575409217841,0.00556053468636454,0.0106305664276065,0.0059484847945701,0.0024719959840688,0.00212050311519901,0.00335614586383418,0.00180211962824385,0.00311997282824132,0.0164187837724834,0.016731198521803,0.0357641955306023,0.0383649782165853,0.0893778111692492,0.0598285426414277,0.118369621835392,0.116674919096618,0.0818181545098321,0.0550514782962108,0.0871815851057363,0.0964600277022435,0.0367700501355541,0.0565375936842144,0.041047150177031,0.0757685776189696,0.0419589991118897,0.0348539511368422,0.063770984264502,0.0474215958012024,0.088094727062249,0.07215899013238,0.00623361544745111,0.035483406951182,0.0065274048479935,0.0243999236356057,0.00396134100496989,0.00718208261879676,0.00400003972552681,0.0107249641340626,0.0111216799516311,0.00431483437764044,0.00515360202622496,0.00237164137591407,0.00119518585132105,0.00144617899949555,0.00360643442865185,0.00369504149177876,0.00270654269427158,0.00165039785334003,0.00200307018295818
0.00319070677731082,0.00110278722199718,0.00444563162462925,0.0042309525803175,0.00327402258054628,0.0044399626697576,0.0100137894592841,0.00858667518834457,0.00345868528003101,0.00668025887733699,0.00357532166408482,0.00335153469586383,0.00237442351055054,0.00194187277799071,0.00547214522842219,0.00231164766544745,0.00581122350611564,0.00664344866762836,0.0061601104205646,0.00895046937114947,0.0253853480235771,0.0208721733340615,0.0528388492300739,0.0597745607885714,0.0547883228578918,0.0674599560917582,0.0650699661360491,0.0363197067527432,0.0340157312769155,0.0158840158391158,0.0116739901087903,0.00788894517138819,0.0106390300373671,0.0105403134833235,0.00597656254260953,0.00833140614187122,0.00399257484902765,0.0061061275513199,0.00559163295655137,0.00309627646940844,0.00501488055594481,0.0027039850326358,0.00367962968479474,0.00385410384929083,0.00556281393027455,0.00499990853782144,0.0112780470254373,0.0341888900667606,0.0447352305360988,0.190820287166593,0.249372976099807,0.177839927137412,0.246669595513244,0.0804889318990182,0.127922889781694,0.0788276507526956,0.0812988504965658,0.0904226843412587,0.038857627123074,0.0347658935667325,0.0313684707673318,0.0695221244864298,0.0385176221667943,0.0426263059515692,0.078409989364368,0.0205075924656768,0.0206869555439966,0.0241840879106103,0.0209923349804217,0.0144943810914295,0.00545755803551844,0.00427259069730049,0.0104174440716095,0.00765296048956147,0.00231909195957787,0.00296308347771747,0.00368636169672724,0.00303945341011272,0.00545726192937056,0.00326288083491742,0.00360343376485428,0.00366297607935255,0.00342196415366915,0.00633263281145718,0.00744048269085627,0.00897570940396647,0.00991289796695131,0.00603331237001681,0.00782408021432014,0.00556856484228451,0.0061624949675108,0.00703015943154037,0.0067274023606348,0.00907022574523924,0.00699984982871844,0.00622431842414933,0.00604369718613948,0.00969431779994462,0.00594387643385996,0.00585926439737685,0.00495836345753713,0.00311335443675033,0.00417388959895557,0.00240150873389994,0.00283703097095737,0.00361161202349922,0.00260858871493639,0.00436314174426318,0.00221938531645776,0.00880566142415787,0.00196791021032345,0.0031912006756065,0.00273590245905801,0.00239177526778383,0.00454336989330342,0.00230924135283616,0.00306191677896033,0.00461351274951743,0.00353362414107427,0.0040652554103763
0.00369969263403665,0.00203100589192127,0.00646344034182989,0.00487638684647558,0.00515238061444119,0.00559916554617815,0.00843537910985013,0.00878312636923829,0.00734792516554588,0.00900496922873845,0.00277819109438037,0.0039600641114682,0.00197613273318718,0.00517777590358255,0.00252813608819443,0.00237418661252375,0.00729797807044784,0.00411532274092277,0.00385158715958577,0.00395425246462033,0.0393204645398108,0.0233528310690414,0.0541004509284247,0.0583474407668023,0.0290616006304233,0.0329473859418836,0.056980346080217,0.0402191120568427,0.0514965566064408,0.0200411873275475,0.0142035845338981,0.0112536737019654,0.00898416397809958,0.00750000556227268,0.0108894592749928,0.0144756317343383,0.0163198866034577,0.0232906455335236,0.0244509249345955,0.0163204302464825,0.0419675084888371,0.0142956189202909,0.021275907423956,0.0546088889768751,0.100881119890449,0.0558964503207276,0.0693572716268145,0.0467090965023923,0.0324225998410069,0.0436916248786772,0.0342168175536758,0.0525076535151016,0.0225079682680708,0.0249123866505372,0.0390221081318095,0.0216339464221504,0.0142590209435342,0.01134153557591,0.0112621561022935,0.0154721517781169,0.0191653073922864,0.0252444265844089,0.0224406146236496,0.0203685199900041,0.0424201837977925,0.0192212677421329,0.0141907111670197,0.0102496216559524,0.0149388064807436,0.00900828042556536,0.0131062851739442,0.00972554271182965,0.00780289693116399,0.0041368635705948,0.00149526230767543,0.00291204029951619,0.00617966332129656,0.00523331918201991,0.00203008343370203,0.0074354666106164,0.0128694293978313,0.00570902037242475,0.00587566167666533,0.00432562547011169,0.00398186231167764,0.0037723050162553,0.0054822667789428,0.0069038753610139,0.00905500049680972,0.0060965597091531,0.0071725147952735,0.0023520466796543,0.00818945557121842,0.00465917359483271,0.00337983436603562,0.00656324071061051,0.00409814619776795,0.0038128788753855,0.00161771199540758,0.00699539095058,0.00246052749402961,0.00666923357978349,0.00319711825460048,0.00452387256734905,0.00380632374055801,0.00452808589426771,0.0104025867440774,0.00327220084977711,0.0049790697803768,0.00622412927305925,0.00761339549601364,0.00688223148272546,0.00500522135411765,0.00491208448478521,0.00655550248292939,0.00252148245320568,0.00616546705342959,0.00601394600632571,0.00660720261063225,0.0033330045527501
0.00268257978019293,0.00107780384068344,0.00375725902538725,0.00621881027425622,0.00291016430436768,0.00358072926590356,0.0040049013707486,0.00378699497366512,0.00211800163367749,0.00401778743964256,0.00185682407161842,0.00189229804685778,0.00155514012962924,0.00398936916379749,0.00261171126399028,0.00119302506407866,0.00367904105120243,0.00179193137393964,0.00140996286330629,0.0013582455563006,0.00370378017421642,0.00260528118801483,0.0050907687163835,0.00750676567504251,0.00751793506295896,0.00656368501260163,0.00623545328207217,0.00463114720799206,0.00464799259021577,0.00261343003435393,0.0020671587592558,0.00232983892523842,0.00429847230545016,0.00179939122906757,0.00204891568122858,0.00721594289982033,0.00567617721773805,0.00730736391242229,0.0127132684846825,0.0114176510017026,0.0182528721862944,0.0146339750306652,0.0164722879793086,0.0537512623066702,0.0892597830808463,0.0752645795536593,0.0925112692313633,0.0360019378366972,0.0539571619016533,0.0582663407391919,0.0675018868004422,0.0436485302387686,0.0247913724664332,0.0316335637389856,0.0229503985844671,0.0131669541677638,0.00974186652422827,0.00922502736148583,0.00956345534330926,0.0119176413272229,0.0115251563379508,0.0251292908322619,0.0320893813709351,0.0566462356104919,0.0577998209178633,0.0311252802670329,0.034665451332545,0.0276494898394842,0.0282946539122755,0.0130663956358663,0.0445749214258024,0.0376466564768437,0.011660560583607,0.0128755592399686,0.00471710358928985,0.0071658230963356,0.00767312549567942,0.00201126644623624,0.00248258985930725,0.00850944289205452,0.00409224306533343,0.00607283528939637,0.00420528517981599,0.00667050623116568,0.00301568483691648,0.00630694622458198,0.00340410099090378,0.00482927232182285,0.00309651919584622,0.00672909606621071,0.00431743163626083,0.00212226291323901,0.00329845986167646,0.00545914154781434,0.00400750810679209,0.00323557681437179,0.00322435768814603,0.00454898240167988,0.00376375832722098,0.00603795813807002,0.00256998483057029,0.00277908321820679,0.00253768438051266,0.00334557567627789,0.00322007480393978,0.00323514544183519,0.00494845995760781,0.00195134072430881,0.00220553437572653,0.00406603639272357,0.0045126432338699,0.00494349707754395,0.00506694377217759,0.00371445903487205,0.00232938065993928,0.00216209596359086,0.00418991778890464,0.0025119318612877,0.004342817140526,0.00262986610770485
0.00306815931563666,0.00250132400370626,0.00213716079411738,0.00475950196454451,0.00156079969875739,0.00203087842216873,0.00288753111125388,0.0023017853302674,0.00110521032907856,0.0010435574474354,0.00145654338099824,0.00132452876374766,0.00097773570251205,0.00107645938924071,0.00227952329837383,0.00134830162940051,0.00114714044151109,0.00120290312699789,0.00101453234809093,0.000725273848334819,0.00187482418439153,0.00138291208581424,0.00185238144175858,0.00153606958620999,0.00235749550025169,0.00240890871327469,0.001845982314575,0.00176928328865614,0.00212152876441247,0.00161009769680169,0.000981402795200956,0.000904755230358165,0.00128633356353741,0.00163402962166383,0.000430798208914454,0.00273882642949289,0.00279043594061903,0.00171555224977958,0.00319116396677334,0.00369427796400922,0.00363166767178076,0.00276072788840424,0.00493647087425756,0.00456831913928417,0.00805772270748584,0.00724378853075104,0.00707910792430656,0.00808395986377712,0.0168745013273392,0.0286411942965734,0.0517491485125698,0.0371072416161096,0.034700123853949,0.0192079611620427,0.00843378617979776,0.00597322916533879,0.00596065351376792,0.00809852945641435,0.00625822711951138,0.00576137361056666,0.0154522421518234,0.0366265127401763,0.0472223413130949,0.0871608078407224,0.090222835297893,0.0686088415602161,0.0649626726537768,0.0590296553889527,0.0365206747560692,0.0760106417458389,0.0926683607112062,0.0876315070697463,0.0301549637612675,0.0441870891914703,0.0141996291896806,0.0162570878718349,0.00959801140186557,0.00802598712897449,0.00988780280932712,0.00787561434112732,0.0025089113490654,0.00244469042198615,0.00426772105440759,0.00280174854621006,0.00339309590855088,0.0022005814119026,0.00233589026669942,0.00304744455102475,0.00175182755156272,0.002557264355834,0.00240449171379442,0.00155928994677183,0.00271695337204541,0.00138850554172514,0.00236972126244739,0.00178517641862507,0.00230294225385665,0.0030949312601683,0.00216258747455284,0.00397798940813157,0.00202118716501175,0.00261531223840664,0.00234791295077119,0.00286982580599048,0.00213468451316758,0.00256279134461684,0.00243280671025675,0.00155709576700595,0.00180688516945399,0.00137762487004196,0.00144052051914929,0.00369476585754873,0.00145704584302288,0.00229375529027423,0.00192187237847724,0.00243952780332143,0.00289234937602052,0.000800551695599276,0.0021570460950358,0.00101020304933922
0.00125756564162651,0.00127538088786669,0.000591519181013057,0.00123112351798336,0.00169253096109587,0.00127094567485691,0.00106133651847092,0.00212662655605551,0.00214413591245345,0.00150911917724018,0.0022228083770923,0.000748930165335,0.00100370226340589,0.000479226295515745,0.0010250759131154,0.000902046973834175,0.00161526124621169,0.00134248479668549,0.00102813327845473,0.00138805020500381,0.00135512271296644,0.00129148434233264,0.00270696459924213,0.00173816276379387,0.00259224752227032,0.00413505020829188,0.007528328722459,0.00644949190724303,0.00397940832232192,0.00621063528788276,0.0034202016284224,0.00356405662156688,0.00145600110111242,0.00125263739780859,0.000591286221792121,0.00232999759410461,0.00176850417511646,0.00162365788725667,0.00190458506265414,0.00252461677624719,0.00321542451536927,0.0018955361307364,0.00366633249706679,0.0013502700117961,0.004602371987765,0.00882822070224993,0.0135914305544474,0.0253522709580248,0.0357052821815892,0.0577977790020416,0.132522821735231,0.0939451288044335,0.0925424073266694,0.0577803181911444,0.0300740723904071,0.0166046722629504,0.0250200477675489,0.0400076273863768,0.0139737961072182,0.0151059454193289,0.0201201523742925,0.0229446960326237,0.0559454478120894,0.0318201357561238,0.0776108636452294,0.0383270333761579,0.160766166476382,0.187872998700207,0.153163287090376,0.101566004250275,0.218281639220645,0.125855019166491,0.107295229456641,0.0443459536884673,0.0579647324211572,0.0456334336602207,0.0257244658210252,0.00993922844396926,0.0194503190673857,0.0106960734106995,0.0101116164190625,0.0108908133686908,0.00829151384321558,0.00743138816884938,0.0141374524391646,0.00530346956516581,0.00520204803779819,0.00479255029590541,0.00330000038812072,0.00315050432328707,0.00348501812607348,0.00169996451662421,0.00324894817355756,0.00344735936934643,0.00273210944452637,0.00274583096324369,0.00171139158560006,0.00262494714079648,0.00248579775302874,0.00248820554168289,0.00164125922452124,0.00155024020186528,0.00143603497798282,0.00111643557459593,0.00106089250295895,0.000690492513789932,0.00182629338549639,0.00167873952307484,0.00136834627381382,0.00167812350145419,0.0010439137256739,0.00192859139167872,0.000813699608457769,0.00100982998821669,0.00125375469329098,0.00108993826289066,0.00103111863483468,0.000894960011646319,0.000624861179202302,0.00134920420956536
0.000623457792063176,0.00181541552085026,0.00156072099148274,0.00183988893419324,0.000905402262485904,0.000560963024071226,0.000838791459178456,0.00115634975883329,0.00126620910165968,0.000828337969244614,0.00120390958934654,0.000715550430913379,0.000552427965659151,0.00104913739415272,0.00055716595888602,0.0007269930739784,0.00226117582966918,0.00289742780008686,0.00150709270234408,0.00283941540179534,0.00571947157648024,0.00481160033520792,0.0103630347691308,0.00886331566698692,0.00926375105390592,0.0120991251248995,0.0187145005612711,0.026076123888962,0.0112537824149143,0.0159834097129019,0.00715199185113029,0.00544141285056002,0.00209827628324823,0.00341227759839635,0.00272789994815857,0.00308538521240661,0.00204599850807393,0.00284373086659312,0.00298495835139049,0.00531524637298833,0.00494769036227595,0.00228001733722103,0.00440687274517007,0.00288178042232233,0.00648124459675364,0.00838788834169462,0.0135072495749275,0.0233563479012541,0.0233059125386949,0.0643265268078733,0.100605196472997,0.0473716863102331,0.0297103071346298,0.0481262318165793,0.0261854595410948,0.0147082080187543,0.0205532681372566,0.0115172063250021,0.00772207968343013,0.0135096227999999,0.0257126974631811,0.0213371651586698,0.0466368651953892,0.0477553915456899,0.0683994154039194,0.0731265320399337,0.142250176017693,0.127246550866831,0.156800767387475,0.0633921996388039,0.0955151272041977,0.103304945036262,0.0570272196117778,0.0503301449123876,0.0307532141970441,0.0208066582717231,0.0156810453272772,0.00967182429061142,0.0138216721266393,0.0127993274039157,0.0123471478012522,0.011609300135671,0.0282989158913644,0.0245697831245301,0.0206037194033204,0.0234774691690886,0.012792508146062,0.0159579357714824,0.0225898404987666,0.0134431426970163,0.00596689636630321,0.00580669634451613,0.0111618131833954,0.00621792887610516,0.00491559035754394,0.00593686469254495,0.00976196229794953,0.0120809222137161,0.0131118622535631,0.00937580892758524,0.00733852923809495,0.00948367674912597,0.00458050489700334,0.00306182803934101,0.00245729796539889,0.000912869930587941,0.00259899451143688,0.00172349580882103,0.00204378975881082,0.000836426645634966,0.000947300747352009,0.00088147645514881,0.00105304393876674,0.000802343025233901,0.00108920809960449,0.000930522849038098,0.00131906869414502,0.000767086177068038,0.00102132915032663,0.000818728936381915
0.000890257709538609,0.00152789465807651,0.000954243146805513,0.00219396795539969,0.000976743142297101,0.00106743174799142,0.000910317311760954,0.000742673298220699,0.000975960388528865,0.000541033299536485,0.000454628760880917,0.000639575499245752,0.000704789431925861,0.000543139519218166,0.000817685750470742,0.000521189178961095,0.00147540305206139,0.00149169791057022,0.000636383357347908,0.00228829144905555,0.00205170126465544,0.00166582195308389,0.00301996215142749,0.00297121530901036,0.00302674530050853,0.00366403242462793,0.00363274800989372,0.00645830084639003,0.00196818318165633,0.00259357154152913,0.00135126981739254,0.000810254237139311,0.000682141477000279,0.00124140636966453,0.000911270308039718,0.00201583363175011,0.00161713325855946,0.00280140819824341,0.00192859363666646,0.00213091586453404,0.00284556718091293,0.00140313619615249,0.00163092165225358,0.00107394193274464,0.00177663748065163,0.00256217744623863,0.00441447817320168,0.00764853631627266,0.00680712638148112,0.0397310526105906,0.104815410472344,0.0242798864401273,0.0101272977307706,0.0176557724524144,0.0167037705989944,0.00908018472456553,0.0087126869508885,0.00430625732703571,0.00624297958237344,0.0130285311198758,0.0171438318853486,0.0282452981965403,0.02970441018867,0.0630115464032894,0.0377728756736456,0.0570308887939209,0.187465314157067,0.0981768861927067,0.12276286340952,0.127390946296021,0.140682537470255,0.0471780725918507,0.0460163532367677,0.0234743806673479,0.0401807945911131,0.0271041052823141,0.0139703671971993,0.0127082850046377,0.009835547000839,0.00886181390812168,0.00515581987022968,0.00469484327659444,0.00916465250185415,0.0116829294098296,0.0124608454166185,0.0123533409444352,0.00917036874148571,0.00555346534232369,0.010233998957063,0.00394175847433262,0.00246593558192011,0.00287804235200853,0.00560998752667058,0.00259370915683104,0.00281407607947184,0.00376473144211397,0.00434489953320587,0.00375259461980937,0.00329633850557627,0.00290008118884382,0.00195608055115688,0.00178089690232166,0.000769333469151637,0.00143296219320659,0.00127177732015111,0.00166700286805524,0.00175687104290909,0.000761348113173946,0.00121459064327152,0.000880967281831321,0.00176249761457113,0.000465616422046696,0.000868347307324092,0.000777408086192581,0.000717679286573503,0.000946975783964154,0.000750494362667053,0.000781656122071911,0.000661763500754644,0.000424998432300522
0.00103047196176442,0.000679810202200806,0.00066060179296366,0.000993977697365258,0.00137896582508914,0.000953266889414827,0.000703685293680959,0.00131297508074545,0.000662989335834225,0.000871260940761614,0.000406520317092209,0.000607939589740278,0.000564515109092896,0.00061892944891372,0.000722482398040603,0.000935890815745387,0.00063979052062457,0.00190202915694187,0.000766234794552107,0.000912860682444684,0.00218007631489912,0.00224808132521163,0.00234166667715147,0.00416878913626868,0.00254410582494086,0.00392918667405811,0.00888907807432057,0.00529582939328353,0.0061832929681081,0.00141866945325271,0.00146031631966184,0.00105931788193968,0.00169042080918508,0.00154011624566057,0.00155988248701804,0.00278082209711787,0.00317337638463794,0.00324380261982618,0.00202563954452177,0.00142508380185162,0.0017444492513694,0.00138268581330432,0.00153552904835673,0.00172552252817819,0.00176176521331178,0.00230743545142535,0.00290213595914678,0.00268182033117248,0.00363402180268863,0.017038879802981,0.0358932288402421,0.0269216571925794,0.00600635868330552,0.0126185469372903,0.00920456106874272,0.00308465064072439,0.00437189800854325,0.00437648647611156,0.00439125021160713,0.00908657846589097,0.00805709743120884,0.0169557804188263,0.0204481165225886,0.0421260675773136,0.0645468572306185,0.0651928257038231,0.0828070117240918,0.0514183167216319,0.0528449647564364,0.0931853167014815,0.08845448026698,0.0414398044655003,0.033771799602628,0.0341644922221047,0.0315508912751041,0.0158711024290185,0.0121191561419548,0.00964256270981258,0.00553854113263626,0.00594556194133522,0.00411040567666933,0.00295516250632194,0.00238163905539851,0.00232331828375104,0.0032845918224978,0.003359437098363,0.00227816305702521,0.00122886772895394,0.00128827925414769,0.00112603163701128,0.00125979065108806,0.000957542470633826,0.00151102269834815,0.00145874941115729,0.00132164465049591,0.00092873277951708,0.00114488132371445,0.00194573311964758,0.00175130843230124,0.000932743228721982,0.00069090038943686,0.00138081021799527,0.00061768338058431,0.000710083468529643,0.000728938010859295,0.000930404102160901,0.00106601725158288,0.000717018103684003,0.00119856507672091,0.000625439538365119,0.000931433943260558,0.000489704183388561,0.000958884705033506,0.000601375398974101,0.000703696694618627,0.000815796373527205,0.000567490094997543,0.00053778396430031,0.000589987198745797,0.000656611135198569
0.000722660006270777,0.000791256574763211,0.000490165100351478,0.000381148867101535,0.000534933075792308,0.000886320184363823,0.000587711571760238,0.00067654637159202,0.000580803366152126,0.000523737302077694,0.000439500780299547,0.000421686668872804,0.000496955646556261,0.000534253614070891,0.00070996636179936,0.000657857909567438,0.000493719334884857,0.00084754508296002,0.000588324117015762,0.000417784033350256,0.00154036588971693,0.00121216741088899,0.00188255424623974,0.00317503465929591,0.00129761696190177,0.00288937002101021,0.00511619768741415,0.00225973757807797,0.00211771379889405,0.000650012451123809,0.00067309792525998,0.000604532023425322,0.000917813028513303,0.00119848361259572,0.000926338342248681,0.00104702032566737,0.000744149952307921,0.000698219007003065,0.001172976937427,0.000847032783010124,0.000983815574089723,0.000703440362854467,0.000825730193823755,0.000752923343617446,0.00082252198475312,0.00132498085154664,0.00228081810035683,0.000892377230784771,0.00242156759213511,0.024584536768845,0.0396722838049045,0.012440995419018,0.00645250891626562,0.00715020571642492,0.00986681738473042,0.00552078527581913,0.00300545996194863,0.00388491850248376,0.00383229505559109,0.00355266556861778,0.00445009512312055,0.0159638901074653,0.0205527305237922,0.039928117409311,0.0505526075542208,0.0756733861518565,0.112204247303191,0.0809961304376374,0.140267466369759,0.0906640242232891,0.0629906084838093,0.0444234585515301,0.042036905387397,0.0351677197640083,0.0263319516857613,0.0124670572419696,0.0118047849939412,0.008811960012463,0.00695309936985009,0.0044316088550593,0.00459650075399365,0.00147582875133468,0.00135833992368656,0.00205206574900319,0.00153728086461462,0.0014870676832565,0.000646590303544492,0.000576395641819513,0.000892118934931887,0.00105339848853233,0.00101984546637465,0.000731947856015307,0.000724794842052374,0.000607418767625283,0.000744780758741591,0.000416097957358274,0.00058516881857302,0.00148527155736086,0.0012355235790269,0.000438069359377235,0.000841621062402596,0.000531034607227963,0.000649636799432557,0.000637167101235185,0.000401090622659281,0.000561242668948538,0.00112056493911796,0.000670488900510938,0.00136196875817859,0.000367575317494568,0.000669273051662175,0.000594641656682209,0.000736935094951211,0.000506229375052534,0.00045589800731737,0.000790746701468376,0.00101945213091734,0.000839715835819905,0.000439765366376926,0.000739430506517851
0.000429950558446583,0.000166709356637848,0.00039501965256515,0.000329397127286307,0.000507909258744716,0.000420804621485821,0.000726590614231485,0.000328607706573485,0.000318574120965812,0.000183566640824964,0.000319744986328002,0.000248399212540655,0.000245969447315279,0.000341975004813624,0.000365268955908635,0.000302653768790153,0.000606366983735544,0.00086098535111185,0.000246629897314012,0.000217838456712916,0.000531175218298599,0.000605368394253756,0.000412985765901364,0.000357621125584449,0.000310394322180382,0.000339077672568112,0.000231083973666501,0.00046483734224336,0.000330760710974749,0.000355259290650697,0.000224061970870683,0.000233974203337822,0.00028259188242383,0.000250133190554848,0.00022451316035856,0.000167871004131915,0.000438955302065063,0.000462805774287274,0.000594392896805818,0.000423407559861864,0.000338640111117115,0.000306440512388983,0.000539957794783075,0.000597631205978396,0.00056202583438225,0.000495066488784853,0.000477077452434647,0.00029489648631252,0.000652266896642181,0.0027907379172743,0.00673466144653386,0.00127729811771525,0.000968324392990012,0.00218426138389209,0.00117248053560776,0.00125906488296458,0.00174045412370877,0.00186397231304954,0.00145596578876696,0.00236106724636951,0.00644919214033986,0.00824035545150334,0.0164781412440142,0.043326296788593,0.0357881604386695,0.0130948591803976,0.0424194332580453,0.0762069585106517,0.0750721869023337,0.0830032623900057,0.0660460738136391,0.0638882938736871,0.021795971131568,0.0185995630984863,0.0177461755004241,0.00912178520197767,0.0122854038614286,0.00392611829334931,0.00382727236486072,0.00370412571929044,0.00238478020230371,0.00277488736341341,0.00109669523578294,0.000763075664805078,0.000620987227596764,0.00069522514961981,0.000513208250513351,0.000335716146666307,0.000444838380726194,0.000445938639825778,0.000594001674883735,0.000432822954281909,0.00060352127449957,0.000492587764564847,0.000463757692526509,0.000216163742020189,0.000533809834951212,0.000539186283323427,0.000378258962476061,0.000371486466577248,0.000574949858263189,0.000506883862594085,0.000325237503193074,0.000260261851481652,0.000337506015338919,0.000425297750097746,0.000907520768797496,0.000309087945589135,0.000568835316915731,0.000488123076276198,0.000484869796814589,0.000365008114871928,0.00035916426504054,0.000219687457208791,0.000329089330240516,0.000195633995593108,0.000461300926917946,0.000404604977883176,0.000360193529913775,0.000441658876310485
0.000996918945964402,0.00118951038322468,0.00335355043278254,0.00501437462328091,0.00539274075702821,0.10052757343762,0.224361494316265,0.502301339713185,0.23747775108897,0.333841652079049,0.248653163540407,0.33766473437764,0.17230036616115,0.126187945624952,0.129424144243711,0.0580963601348513,0.0422303703595776,0.0199359031534558,0.0198659435894328,0.219908360445772,0.330521380213422,0.359323130177993,0.557039564342324,0.335675739754868,0.323398611712288,0.221879875127027,0.117851736797622,0.0853795926043355,0.033908196345856,0.0289863032909954,0.0124943667595896,0.0362026596839638,0.0359840053169908,0.0238743604913259,0.0262731739099708,0.060826295326412,0.0906358437153366,0.053573215616114,0.0735646511158232,0.0830852607508849,0.0827272052108952,0.0711482834848516,0.0785687136462907,0.0877961078500919,0.0957974970949805,0.105840592884043,0.124469750973925,0.0904726979124987,0.082827835944069,0.0709712728611181,0.0886058452899815,0.132846943066272,0.10212598718285,0.123634022626565,0.146109728160756,0.198268225561891,0.299633617050432,0.168643527185931,0.121506058511882,0.0726858410328418,0.158134501425511,0.0595919056725486,0.0271150478803185,0.0304126786029289,0.0197580410005789,0.0268513242694586,0.00865412296779511,0.00665535911820465,0.00646056525653657,0.00679515005165299,0.00269970095143799,0.00624460578566917,0.0067402940822314,0.00104593117040877,0.00503963667007204,0.00420407334473127,0.0242844850268808,0.0751498811194381,0.237670831687185,0.0790178755116562,0.0410328827921166,0.0940715733526971,0.0923674650521852,0.069772704269615,0.0716763802091931,0.0924112664615607,0.0554998203478615,0.0240654548895205,0.0453558097079305,0.100184303316704,0.0459844790081636,0.0359278374341421,0.0669856244489704,0.0866152133738272,0.106830920947115,0.082725538598518,0.0613140780427532,0.0882561666331231,0.102678735400138,0.0619899893639271,0.0633731313195354,0.0212066047242255,0.0633489892080068,0.0379445405217131,0.160609639013669,0.38951730184646,0.461644071843704,0.506103625380704,0.408812038078771,0.257899116151426,0.133112951240918,0.217685756811384,0.0525025479053513,0.0693835295448941,0.061363248814834,0.0292970443464764,0.0202939516773632,0.00844286261413532,0.00963326210881989,0.00567199219657
0.00208815865161529,0.00434279888223501,0.0078749130196577,0.0114155995580914,0.0214816801900697,0.0520068049205551,0.13872077275341,0.0891290730845486,0.155205816141613,0.120957707866284,0.119762087121889,0.0745353797419802,0.0768139020367455,0.055494941575346,0.0684135952750255,0.0587026455509487,0.0292210036871372,0.0360109772471386,0.0671976084319339,0.0438190403796211,0.113074113628011,0.220885333675437,0.130489970989306,0.25836478854301,0.221627982704911,0.254672666645816,0.274241261661884,0.22291016406817,0.211389439182362,0.146935173902384,0.032050092923142,0.178677479203628,0.218726566116176,0.104135228237169,0.217026505203879,0.29307961810432,0.461182891968845,0.426435085901133,0.370846919184056,0.383474400769764,0.329422945776453,0.254011806865474,0.268995407424649,0.351630582637383,0.32867196560377,0.288102892413571,0.328268428687811,0.302670729604836,0.207869252197265,0.188572306556184,0.105112547496162,0.14097255228893,0.225720688169643,0.343325107675148,0.505353838688346,0.512212565631078,0.355957893381479,0.254678021304002,0.248496919915139,0.272621351951484,0.214929370989573,0.153026305269488,0.144785203815911,0.127019435147333,0.0577761273627627,0.0392989784826723,0.0501408171062479,0.0317766050399121,0.0215244506714311,0.0275885946334111,0.00982378460815387,0.00769972953733356,0.00977209342565576,0.00405871982606098,0.0107785995463145,0.0177730589877146,0.0193552829199377,0.101645307898279,0.104128674420899,0.146629044081313,0.105898443290479,0.258312468926183,0.247582245050808,0.121840170645735,0.067874020763294,0.126953663249029,0.0947179276545149,0.123707670940521,0.0946675918732527,0.0980322432169694,0.0773113774042598,0.140851778323913,0.143854599222499,0.0989613905801286,0.0593851788836571,0.132921497794352,0.141715658933655,0.142960280597246,0.109044628106236,0.118476441661474,0.122755974785947,0.103356260114767,0.0184275871982672,0.0831416846037308,0.123789865545023,0.303401633745008,0.236804371003459,0.128045190286697,0.194624828343423,0.156516764060499,0.0692944988573247,0.056035460679165,0.0623207403668687,0.0640755565132655,0.0301008978906211,0.0156362457085297,0.0262908876499561,0.0147423865290951,0.0135718197170963,0.014638510894458
0.00362731234979463,0.00649202490722298,0.00694760458450252,0.00618867890386494,0.00864301996788926,0.00794815066031074,0.0308233829870892,0.0817830540261755,0.142965474645627,0.122950179212884,0.0618767571073643,0.0610032938158246,0.0413386230874501,0.0321524824171413,0.0491742949422342,0.0239505604231614,0.00836582372243291,0.0210862909262525,0.0527129731522235,0.287484677407547,0.082944349124396,0.169577785717784,0.471532836370582,0.352390690240542,0.419957489716104,0.524464407566876,0.815040668431316,0.796250198031767,0.78820225570935,0.367017851427289,0.149796208278661,0.150625721496815,0.0457502669137806,0.0573302461856656,0.150853292838623,0.259587163508916,0.407383091352939,0.309042615854783,0.283676031925932,0.21768787955324,0.154224231468992,0.034799085875271,0.0707929915034406,0.141193540041055,0.126219194420234,0.115499101062009,0.124921095625531,0.085903333898573,0.0574331396986746,0.0944147174467999,0.116223911776019,0.16037094755215,0.147582416948641,0.07256140204349,0.108418003168475,0.368735688429913,0.351116117605059,0.17531254744407,0.0686308581465963,0.151967613295189,0.058602579110397,0.0601645245203027,0.0651606576046753,0.0311565621969648,0.00616534442023332,0.00946187117651065,0.0174099582355246,0.00581895499982832,0.010799360468837,0.014357512720311,0.00806773995658515,0.0123372661318357,0.0157667531845253,0.0137946857594946,0.0104818208213101,0.0144326215496988,0.0194046243102362,0.22149338576454,0.329521619221321,0.0687952477641084,0.200714191593051,0.214210080134949,0.0856669823874111,0.0967718155813676,0.173336117685901,0.139430257205932,0.086005285113534,0.0958707302359004,0.103572584387875,0.142570520004167,0.047435042861521,0.0628777124477078,0.0274215043868751,0.0318836360747034,0.0388203661311255,0.0702327160418858,0.0665478188072821,0.0349277210361863,0.060449326077308,0.0491960009709197,0.0395126397072563,0.071250678060514,0.129881004369431,0.133965065221555,0.0858166269423607,0.147376870097451,0.144099173090413,0.058757390737661,0.0847018604359437,0.0388434190694611,0.0307591250709568,0.0168541580606453,0.0134307633012172,0.00516663093366555,0.00778010777403187,0.0028396609698802,0.00977863253115126,0.00268567271417782,0.00785069150043008,0.0073774212385699
0.00235093147950825,0.00328121774722456,0.00454014198815236,0.00561104691900801,0.0062229925805445,0.012082909698166,0.0343797719958931,0.0588246104041609,0.0892924104676787,0.0668380764853032,0.0779140432957404,0.043150850785051,0.00999294224647294,0.014475988997341,0.0125639634774463,0.0235335535017676,0.0212954518124377,0.0294976650537551,0.0209763039897244,0.31739206591239,0.414859226569429,0.312189614305646,0.797288688744457,0.980102816612363,1.02542085575497,0.849682771635451,0.812325637987299,0.394388964929994,0.498761507839898,0.172758982115278,0.216608589877313,0.099929563518909,0.0863062975557529,0.121237777236365,0.0904744374394199,0.389124347164452,0.542359775883598,0.562272689253485,0.571497246719036,0.441107763506213,0.351909779108628,0.169176400750328,0.327958957529583,0.415347572582046,0.444879040161268,0.175396916899178,0.318205052684984,0.238808183136496,0.122276833156556,0.289027685669071,0.332932908315519,0.214525219267848,0.273120202211155,0.0926132567501754,0.502451826733633,0.304561135094341,0.312045467011215,0.368766535053938,0.149721717044472,0.0948079517207332,0.0748857497593244,0.0589713471846813,0.0279228096615482,0.0464555195446588,0.0304469684079802,0.0359059674553616,0.0147329203416985,0.0233395004464918,0.0221805752271316,0.00992260057948754,0.00807565939830917,0.00520113930161986,0.013315030365147,0.00808866145828125,0.00348347580757,0.00639013540169936,0.0272275828316103,0.269459284546652,0.260951038930394,0.15613195275882,0.566324659415004,0.388827155147681,0.0672652741877154,0.145582202630821,0.0722370639323989,0.172405469994218,0.0910338717532911,0.133373591060701,0.0594342781437883,0.103156898467619,0.116623805590491,0.119158217842325,0.121545273268515,0.072269923521659,0.07780523716707,0.0919895040793463,0.0491549923276582,0.0528828149154322,0.0474910576399332,0.0820989065287569,0.166556183743538,0.0325056947890978,0.161301261511693,0.0790387314883748,0.0310410269019089,0.070415795977193,0.0855954717290465,0.0512869750642339,0.0565373418395249,0.0277600059514459,0.0177998874605763,0.0162170866481988,0.0105625130903574,0.00196657601495877,0.00467756913919684,0.00197943555711043,0.00408928053219157,0.00125463579062825,0.00493785254766468,0.00502598601130809
0.00446176345091768,0.00551875718429994,0.00328372951043596,0.0017994132561376,0.00293424247220976,0.00462320315909222,0.00753956664167966,0.00478838275101825,0.0124334989221883,0.00675885643180796,0.00453072855195289,0.00325483727310481,0.00119193426087097,0.00153002416491558,0.00235542063030545,0.00121681782509565,0.000363318832457557,0.00451836741239444,0.0172200923310676,0.0841478714576808,0.0867147943225109,0.0443637245730678,0.262707407386608,0.139189512659599,0.373385231515308,0.246226212674075,0.314376168699864,0.271564489392359,0.129972473379365,0.0634068831081693,0.0820861126809222,0.0225604565810961,0.0393852198756956,0.0162366882481263,0.0204490821276712,0.0599653053525075,0.109552582332324,0.166642061356125,0.171707603153033,0.220473848712347,0.209615532165643,0.254322196624147,0.268485856659133,0.182336035172321,0.150298407256263,0.0564138700569907,0.517487478202747,0.643672067262456,0.454389198657946,0.400859560278736,0.264763113782169,0.431172630777656,0.503378955424106,0.258227012602674,0.312589405281787,0.0623552224269517,0.230035684503994,0.154767240312801,0.0705861815476859,0.0765690596718613,0.049773856894542,0.0840725585280081,0.0697080327324553,0.0193605131561761,0.00640189828455981,0.0206067500960564,0.00702543997185595,0.0076059756884447,0.00659677212307043,0.00510930959087461,0.00369404143001078,0.00551656775082327,0.00118001316482204,0.00125241155171037,0.00487598339239538,0.011831264876233,0.0139741337497422,0.145403587733627,0.261252728825989,0.451002274829439,0.326283412849676,0.398659988277213,0.206828744429729,0.171048103097265,0.362559394338705,0.225152032049211,0.113499024471225,0.093483100220434,0.0618358317784988,0.0916061286466558,0.12258754929912,0.0468019931148707,0.130764429786183,0.122257261612513,0.0834897574904096,0.0309960240950335,0.0179356298276767,0.0621106049378304,0.0992536067838084,0.0413205867653162,0.0524674047436536,0.0774230637641979,0.10610351709226,0.0473926424092245,0.0538843078013096,0.0422679157123124,0.0362685652655477,0.022205804766879,0.0237320674594708,0.0116880263256194,0.008166354628657,0.00293360448416799,0.00611902912764783,0.000966522844134182,0.00248359520520027,0.000741031498272856,0.00157815637541825,0.000626791512915675,0.000753519013423225,0.00086039949999285
0.00596553489005229,0.00188660964215584,0.00167410761652718,0.00128768382886653,0.00077478575485657,0.000510910967246801,0.00052760970576902,0.00196995413541125,0.00714170339952776,0.00128381034016091,0.00155457847690301,0.00134273924693081,0.000531904697972939,0.000673314006661212,0.000479610387115387,0.000343308199139428,0.00143977481211228,0.00563540474715657,0.00497523432833298,0.0234539778925797,0.047016371154067,0.0576012127140919,0.0542591209301946,0.0466474586784102,0.0346343834201923,0.0646843394519569,0.0568608311761042,0.0718703534835173,0.0482948690505235,0.0157728340841986,0.0156328030629178,0.0165461436662691,0.00696523979480273,0.00813682826527286,0.014226121935867,0.0256341926610176,0.0355495924630416,0.0263300894463031,0.0426445463940315,0.0492726032047707,0.0619448688899786,0.114339624984554,0.167364744960544,0.168617466929875,0.352158575893088,0.387593180857113,0.42332012968265,0.3887561430113,0.308508010192648,0.620618198494773,0.641805831628723,0.556405329605553,0.389284175269778,0.221595466062249,0.184277766396447,0.225712613774434,0.196494387784395,0.118419665403268,0.0718913800193253,0.0145586346725646,0.0415829281610841,0.0182860704160216,0.0266052411329499,0.017670470928406,0.00684994062987955,0.0137071523527887,0.00611315539891622,0.0053169220348405,0.00403054722192248,0.00595960932753901,0.00143598533106478,0.00118522193161127,0.00238940044173076,0.00156330561522893,0.00169871866033324,0.00372090596226475,0.0109148071260999,0.0229065245346955,0.0606842115336387,0.201809946675859,0.0767154916207358,0.225547628318762,0.0994386137429318,0.110955515903356,0.284340745209381,0.516648235956117,0.517028207509401,0.211368133936903,0.318789029465438,0.163737230593303,0.110059681472175,0.159870264827298,0.138133400939261,0.253116650449804,0.157133867965815,0.265817446687122,0.290259558806345,0.147341192292515,0.141070102913023,0.0485330901179585,0.198397909033916,0.080453085641165,0.0524244631081922,0.0938346650174574,0.0702981650357848,0.0325912486940636,0.0173831358378848,0.0599324996623732,0.0175562069047777,0.0149110545484694,0.00946646993071464,0.0134555120800077,0.00559433638484429,0.00602854123237453,0.000849939894243377,0.00159513937917162,0.00232966457892114,0.000733699651503168,0.00106754902480342,0.000800793352119066
0.00169813226759393,0.00180721861809386,0.00223547860501942,0.000766989079920786,0.000503033860582413,0.000935539370930324,0.00108768254072134,0.000628724632056723,0.00455960973011018,0.000709202957964111,0.00141787901325357,0.000334252721233395,0.000965365242192525,0.000523039053125855,0.0016103166169829,0.000686768591348531,0.00185136243400825,0.00367194348959984,0.00560218142478765,0.0124065524462394,0.0241982982122994,0.0594813356417981,0.0188068444475275,0.0255519551135582,0.0192655693728124,0.0289231285793228,0.00924885996662649,0.00389242955522794,0.0149927338147928,0.00456907933459318,0.00210862381305884,0.00504075918693272,0.00462583297893091,0.00531086832308852,0.0208275447426073,0.0308690677190588,0.057054519295266,0.0482889724881217,0.0454065345398006,0.0940202379815246,0.129996594180183,0.110627174859338,0.0460071400442199,0.0681733595926722,0.251160289763697,0.391591985112822,0.168981401786183,0.185784597264584,0.260927533302956,0.123750978875405,0.135257716305923,0.0827994336090418,0.047243778332365,0.113045320030988,0.0443323469287435,0.102936929763839,0.0829305624701073,0.0355511860765808,0.0200848512323139,0.0307278362923543,0.0204087181080793,0.0184013367956991,0.00488570100881973,0.00892987031638301,0.00514893518491037,0.00328920288402069,0.00368992501074815,0.00300022815130611,0.00129568150791668,0.000857439060947185,0.00133473457097891,0.000453198703382871,0.00149366472093556,0.000521978493108348,0.00265252296492094,0.00314131710193935,0.0056400958026208,0.0170575677130631,0.0549468859951,0.0759164981887887,0.069996254373806,0.107648722888259,0.0861775429592062,0.0650730819539377,0.035309149598951,0.101929792137429,0.201732474117779,0.053602071924204,0.0477490345291232,0.124695405678542,0.0886779658565839,0.190260402038826,0.0858114717493501,0.161700689810817,0.144522871748453,0.208541581836937,0.162268981181899,0.11667737545966,0.153388602194823,0.0447271422248774,0.0810735301093917,0.0406241038368275,0.0195300707574151,0.0154009524643435,0.0135068565750427,0.0276264725521804,0.00697534180604147,0.0124343887151604,0.0066898721316659,0.0133024929573202,0.00670003246750409,0.00194752995059506,0.000981475079036441,0.00279884979725488,0.00206947714489581,0.00126460224603589,0.000744440629534644,0.00143681895428883,0.000575472305984255,0.00140945532094597
0.00138664152062892,0.00104553721313759,0.000651590516211193,0.00160689648359661,0.00178336365914597,0.00140029528423645,0.00161360136221945,0.000514024836285234,0.00361532298181647,0.000702371246485036,0.000738635250525959,0.00045398718256263,0.00112947924920727,0.000636175366031941,0.00047347774728556,0.000316825127633457,0.000956940176379835,0.00171094805739277,0.000454660014038571,0.00607449652042068,0.0188252461794743,0.0253536211027696,0.023132157413126,0.0265472148241066,0.0202000743636785,0.0150889979689041,0.0129457643164754,0.0066167482601172,0.0114085946287042,0.00439253188224646,0.00315431416594509,0.000731426204902936,0.00241303692227055,0.00170044507875564,0.00476445666144437,0.049307316517942,0.0521041166992984,0.0379393724249651,0.0210271017085459,0.0299015580226713,0.0195412515116714,0.0226392470415047,0.0178354983627688,0.0376590666201014,0.1266271122748,0.373531126485515,0.294523312091375,0.132432458704783,0.180049866381594,0.109124189175386,0.145899608836575,0.0700358569353363,0.031802591931217,0.0938471540398795,0.065611709364756,0.079455803183555,0.0474666273762697,0.0330656739590356,0.0134972394479997,0.0158102570033753,0.0109509667878482,0.0145288544057069,0.00373877598458675,0.00572883843857052,0.00522739368173321,0.00156500169096649,0.00186136865066671,0.00172668139305558,0.00162542956473175,0.000760421264048517,0.00117720778713032,0.00118372103716297,0.000255323690823407,0.000785706699390552,0.00100780887077331,0.000472067547062864,0.00260707169896717,0.00266457445624146,0.00792583727755095,0.00777237238587626,0.00704945256283828,0.022519934828577,0.0521979833433923,0.0522264700579226,0.0504065842020012,0.0117427417677034,0.0304769328790103,0.0519919089983412,0.0595779555382515,0.033580426704239,0.0236250183201431,0.0406128202889307,0.0432012075878674,0.0707765044045763,0.037363058288078,0.0314036630981302,0.0302656707441442,0.126579823023784,0.0707017322449769,0.0334198766245315,0.0294619209861519,0.00681833917288146,0.0134184594477628,0.00841472621459214,0.00436059070122969,0.00266582709157455,0.00444997558245426,0.00418542984794391,0.00399124966059252,0.00460899361934879,0.000749052792925674,0.000639117288177217,0.00229977612942721,0.000530591079924592,0.000650244601107606,0.00106231459082553,0.00117362703213504,0.00115746152212395,0.000849349023158832,0.00103642045732993
0.00209533246206336,0.0015082879186515,0.000374365415392764,0.00122464298221862,0.00115963626429445,0.000408767692496787,0.000989656984767922,0.00068974368563035,0.00254317377000364,0.00145678290243597,0.000225686209849963,0.000426422098114093,0.000427152600855967,0.000614262642828889,0.000863663110158787,8.04857381380645e-05,0.000587026908546223,0.00210456241317636,0.00114460460874292,0.00278833763144155,0.00920847149742188,0.0173810066192211,0.0058629475607816,0.0111496260511531,0.0093496105905184,0.00976609440162564,0.00237973823916507,0.003154301365401,0.00326529138600711,0.00343970264019538,0.00174607978888849,0.00117584872387416,0.00115877865828121,0.00195890928839711,0.0020363134422376,0.0093774594576566,0.0173450379572223,0.0202732947723838,0.0106928478084154,0.00374425406216539,0.00488460291873759,0.0134755539739063,0.0139439406979511,0.02570808496979,0.103123293954898,0.355747630449097,0.460925433008323,0.354045636440867,0.230755441813217,0.0967135253949722,0.141686458264135,0.123496043044456,0.154140661024815,0.0677530933972247,0.0793823414832445,0.0313640549083913,0.0159708175670243,0.0360136522657275,0.0175961442887818,0.0222140678243163,0.00437596364466962,0.00564098196677094,0.00849125644075168,0.00463455022579437,0.000914559099416902,0.00225766496947139,0.0012694183762682,0.00237384470881453,0.00299946081941255,0.000708337949285746,0.00115836456281615,0.00094262900256032,0.000858623875158941,0.000570842447549156,0.000406475030454377,0.00157465475960886,0.0010572836059959,0.00457330972717024,0.00629055341627004,0.0068270217579622,0.00670099062304929,0.00718082227908365,0.0107103888181274,0.0123061440186671,0.0335326326157428,0.0166759300086347,0.0239299081777612,0.0272330232106009,0.0114429066447894,0.0307562297857402,0.00950248819499876,0.0268607599983131,0.0224091041150202,0.0294805642577859,0.0450283661847764,0.0181908561612295,0.013207134425216,0.034285367572723,0.0635329514430046,0.0175146707803225,0.0264398395103337,0.00781522256697308,0.00676483956526829,0.0143891682213651,0.00741339896323731,0.0111906193621395,0.0040328940489,0.0086735496038138,0.00195473800349272,0.00101661108128423,0.00281002946756816,0.00157490877657877,0.00210466412048264,0.000625039871860576,0.000381957881226127,0.000744858561078094,0.000405622751492268,0.000851845547149049,0.000887083956399159,0.000469398861111622
0.00111315004502021,0.000567744808231967,0.00151070016300222,0.00029216929125136,0.000749662512070801,0.00212991752454009,0.00136178884286659,0.00113378863263829,0.00161705611726951,0.00141087318053768,0.000729053236971981,0.000626152708314555,0.000940234175742975,0.000448265961470623,0.000636141162118593,0.000423845084020376,0.000902876297401665,0.00173176960649694,0.00141211836555796,0.00306673619811656,0.00806596813737812,0.0138617599653793,0.00373821739221303,0.0109839904165892,0.00619713067186897,0.00228942604019902,0.00712025631713799,0.00264100941166952,0.00724426007229339,0.00180151663349087,0.00197259520684312,0.00202891737725048,0.00205776587148927,0.00210395787727787,0.00119786767958282,0.0046084932953429,0.0025759072893222,0.00162264252573234,0.00124134724597211,0.00178546658743588,0.000868202135972005,0.00347984045830554,0.00577576439932515,0.00241908249113433,0.0188545390113789,0.0417536543100922,0.191759865798147,0.289880116101765,0.195162309609694,0.116612314403366,0.193693096928315,0.0601022225867385,0.220463042126001,0.158877578977419,0.0815983254959226,0.105443072378365,0.0330236865919148,0.0670644809475562,0.0332478184326588,0.0124176250048622,0.0104534535595668,0.00900223543347195,0.0103908079654042,0.00289341483413762,0.00411563003144963,0.00217666383817596,0.0020403330627115,0.00143274571136603,0.00146054241514022,0.00166869182262145,0.000677423671526041,0.00100493798310351,0.00211966763141028,0.00134475413626039,0.0019464436930913,0.00113855626011413,0.00243599122650164,0.00519909801712213,0.0106131619340435,0.011698670090881,0.0141213778212013,0.0107009635909394,0.0253870338269091,0.0419238016185974,0.0221085074079853,0.0310342439526069,0.020758829724205,0.0159835195393377,0.0206962577659519,0.0144068767724023,0.0163246577344723,0.0198215592759289,0.0475855929237683,0.0876464293068624,0.0462951366667626,0.049451309226491,0.0440174403025811,0.0820667285645722,0.0932114563315513,0.0689126085618013,0.0377777659812756,0.0209372827679006,0.0363327695469066,0.0106283702368713,0.0210702845017844,0.0117781692715694,0.019851718705036,0.0206662899131872,0.0113872201161659,0.00604930172884061,0.00393567731357729,0.00331544582553092,0.00216632842146323,0.00219715661048263,0.00163571416035265,0.00305385042102116,0.00090754423871358,0.00143015831244442,0.000715666765057719,0.00256721583296755
0.00043700716821204,0.00113849711516702,0.00342991405546375,0.000567004540534556,0.000631027878954322,0.001888430009977,0.00162676448521417,0.00103559476768538,0.00149552731002122,0.00127565934754487,0.000527496747612149,0.00214757086987189,0.00095683279502783,0.0018329678483225,0.00123088407245909,0.0010697681438138,0.00314755952438103,0.00632258096860977,0.00308174435287544,0.0243279438844456,0.053939793206566,0.0494912047878775,0.053104448794409,0.0050217972208386,0.0422224449375419,0.0359971945093602,0.0222992296301353,0.0165682348723658,0.00755624893305665,0.0135801939420571,0.0120993955588048,0.00698074538624095,0.00497984334000931,0.00381019126773253,0.00421571903071385,0.00583048159738862,0.000828052392271603,0.00116650760918394,0.0053034149774292,0.00163549550912219,0.00126485369548638,0.00156783210560099,0.00127917421867787,0.00181102344176997,0.00426772919437625,0.013990634390329,0.0202395728027733,0.0265905360496698,0.0660147984363972,0.202850584348348,0.220013654936765,0.145848904436249,0.0277049171075981,0.0535543310376514,0.0470752296567793,0.091001575404447,0.0299541223309961,0.0438685507454775,0.0374628940069257,0.00661601925634914,0.0100749961144302,0.00603986044637423,0.00948509823411545,0.00706455757788696,0.00585784370499394,0.00349328264166671,0.00277087267921968,0.00141241583658441,0.00105742990414018,0.00268529736994496,0.00258732022044123,0.00480050181516217,0.00316622790372896,0.0026740465525328,0.00240293338293305,0.00200446418050699,0.00135928385735364,0.00380752143479596,0.0193817597843964,0.0124745929366671,0.0455899868683814,0.120534390348894,0.156215869426929,0.14061920964942,0.148579277631092,0.0599887787032086,0.0777875380792463,0.166118216316542,0.0735273029806678,0.12646831118993,0.0544968760268009,0.115663582017535,0.135791792241511,0.184876485460812,0.103585161855438,0.10082894321081,0.033667827675238,0.16202800955088,0.0467759564869393,0.0784344991330509,0.0839255942724417,0.0203163399901218,0.0509846642952496,0.00553309924406536,0.00832116339001136,0.0074437339542705,0.010591516542885,0.0143521219972114,0.00918987605336811,0.0155215310388598,0.00287014140449925,0.00970255269086859,0.0031103009180692,0.0015785906326629,0.00276161210523685,0.00374404008251059,0.0016238334710658,0.00579764662892618,0.00251650465047283,0.00263834520403562
0.00091318275560071,0.00119405811938196,0.00404201752353407,0.00181241517484002,0.00058385714472535,0.00136249177847727,0.00245589735050479,0.00128840324192013,0.00109314448064132,0.000683838155989636,0.00260989519570034,0.00440280616879909,0.00173497491910308,0.0027656322927169,0.00348428311690991,0.00126723425342404,0.00187627400289706,0.00706137043850728,0.00419814496546337,0.0148166199562597,0.0384414598110663,0.0249728372278822,0.0709287706920682,0.0801975560086193,0.0284720768090149,0.078791772163658,0.0647570461802302,0.130456863565677,0.0524109319491911,0.0482226701712921,0.0508328529286472,0.0182998015755152,0.0145698180826139,0.0126367516203681,0.00769442680205216,0.0191061149492271,0.00610711938477954,0.0104184430085627,0.00362523114469975,0.00188256603683084,0.00478435184395586,0.00248579985555114,0.00180436702910966,0.0016324838902645,0.00218973178048411,0.00285062637205301,0.0050462217779748,0.0185658148812642,0.0045664983402295,0.0354375104319343,0.092890791265947,0.0858063346604765,0.177715618843813,0.163789915495802,0.0444524274941047,0.0664479808724222,0.110284226418098,0.0712371069301676,0.0359528887231275,0.0229060995346687,0.0213827561470092,0.0222241314327048,0.0118935735573777,0.00940620862104407,0.00717818473154981,0.00568527242992242,0.00304516024932073,0.00498289140034693,0.00235394511068753,0.00148913065820469,0.0026202877025317,0.00218639819906141,0.00166429175518653,0.00148080646124544,0.00418907811329716,0.00232232288116218,0.00323213733639652,0.00163051356519229,0.00253825431316167,0.00511487792771478,0.0242246706653502,0.0194855605148572,0.0670254956432716,0.069742769681357,0.0184468198399148,0.052451819370514,0.0496934596498484,0.0962609330171934,0.0408728537538554,0.0519106348294912,0.0314924879901731,0.0333341352920668,0.0769095392083618,0.0557607978522249,0.0383976367198085,0.0250425757730846,0.0144159403896633,0.0133210749095324,0.0198597853921362,0.0143094675026598,0.00591535275290081,0.00621257121174374,0.00476101727217944,0.00151846208901638,0.00121310240191353,0.00372805205095576,0.00193742307807437,0.0020338499827426,0.00271689756007128,0.0021209570906937,0.00377451546772869,0.000934089935647084,0.000546120538024881,0.00125200304284778,0.0024635954345775,0.00112730621842825,0.00138364968303584,0.00213821710672086,0.000603275355097431,0.00143113930794302
0.000540489186485619,0.00139433557723534,0.000456208406605094,0.0022640766917331,0.000557861862930523,0.00183332886049391,0.0100418508623168,0.0102614095703231,0.00305328597548438,0.00428356743876217,0.00534274782396483,0.00816650445057439,0.00628246067622244,0.00324402174608111,0.00447944967964636,0.0016326272355399,0.00162208208199657,0.00491796523402332,0.00408123908268074,0.0107653452209447,0.0360506809442775,0.0308149112554307,0.0434902052606436,0.0866036259643623,0.0650558236522976,0.0862172744203988,0.053441655340795,0.167217375691193,0.0922620554006487,0.0661330088303805,0.0820562917602552,0.0316185783126178,0.0197589175388663,0.0168879023914923,0.00970255609921918,0.00769215734497726,0.00218881242319067,0.00795500912136606,0.0020577092932015,0.00218829023327551,0.00265437367539096,0.00272681079299441,0.00151853029279449,0.000590369328015987,0.000682169999190494,0.00323134089830699,0.00495676010735589,0.00824625782947527,0.0147469111849986,0.0711970377621294,0.109607656160294,0.0577676521913788,0.127879437127093,0.0997681150893578,0.061420875300192,0.0696838727167156,0.0408672088808116,0.031594214209936,0.0800281408671903,0.0152009376714932,0.0102856810181193,0.0169605649943457,0.00677317114019671,0.0128360676335383,0.00816229824355547,0.00193101839270679,0.00097616264375618,0.00499962842131397,0.00228597621811925,0.00131451755882786,0.000697981501214196,0.000790835915516018,0.00134145362819498,0.00139262266924201,0.00205063917719135,0.000589059479722899,0.00164887691576337,0.0016226837675616,0.00171726358030204,0.00277014297126137,0.00185343835272565,0.00622677613164563,0.0082747119403899,0.00602026547722553,0.0124394950476125,0.00713337358491853,0.0087517848404989,0.0142260096668346,0.0239967546759281,0.0247183050066926,0.0209126759979731,0.00740335446951325,0.0107084828891447,0.00627033582852393,0.00888557130373486,0.00197327220169036,0.00431248617641419,0.00984261677478367,0.0101825702434213,0.00835294770640826,0.0058289423363379,0.00121349858349912,0.00140783906519902,0.0033243271257403,0.000922301251112678,0.00154186942917661,0.00104473282423475,0.0013491498314951,0.00140548890432978,0.00161253100159108,0.00114286110042703,0.0017502568359444,0.00166016181567451,0.000661542474273558,0.00123361571399679,0.000324089762379008,0.00124527873872305,0.000508024207097997,0.00172737041059725,0.000863372601484308
0.000871363844459368,0.000699411437501592,0.00141482305229184,0.00104856638078915,0.000260189149579775,0.00123832404186754,0.00224750598304181,0.00313237947589892,0.00343164616696473,0.00187899929539881,0.00425359839746452,0.00721607089709393,0.00497706327675644,0.00153302839478989,0.00206853812438365,0.000818570837216826,0.00102455906502842,0.00304724303189175,0.00600548014485348,0.0193995418134202,0.055350940543679,0.125999795182314,0.0719859319814122,0.101124503345608,0.0647839659727249,0.0526025959455488,0.113982900802244,0.0608600849895266,0.0125223568178616,0.0518255065576046,0.0645127510937937,0.0459752800626209,0.0150655863554207,0.00940924230412604,0.0141534926356557,0.025674025462425,0.0053414736138582,0.0079002639779275,0.00346807025477844,0.00380198053730021,0.00628546094778388,0.00309257779588404,0.00187119241825489,0.000628495243011818,0.00128159359642067,0.00206668781109356,0.00486274251392222,0.0144902264957739,0.0194250988079884,0.0908536505706832,0.097079217125868,0.115208951619698,0.14676008301726,0.156408499708213,0.0350626739646055,0.122491159102594,0.0789935803714457,0.0306366475583287,0.056359292209016,0.0261146193507574,0.0217148163589956,0.0276167340544937,0.0375526095411584,0.0497081455357639,0.0166246250962988,0.00552479346818486,0.00657132147014732,0.00931844709320985,0.00488950014973027,0.00177838840480751,0.00382970488279223,0.0017734454662736,0.00122250653383441,0.00196375083232691,0.000863178036615205,0.000666753272127437,0.00167195717942993,0.00129938955295967,0.00577063087754416,0.0172776682497437,0.010421407189864,0.0192609395596211,0.0195512364186133,0.0311481234158225,0.032627406054275,0.0243122146112523,0.055292278171925,0.0312405786452652,0.0220949593416661,0.0966285754587462,0.0448112499007991,0.0185167926940667,0.0171136484690906,0.0310078966165871,0.0304877190712238,0.0191057368040324,0.0097577378778202,0.0165158970139267,0.0225274320475727,0.015202552098226,0.0187509006812199,0.00616780087540684,0.0111798854729602,0.00106068841475155,0.00687313454780515,0.00232917826407279,0.00191937080449738,0.00206150857325502,0.00360327875526673,0.0020990222955584,0.00148175780986398,0.00089473442055732,0.000389936680021947,0.000745753182307942,0.00116706751339911,0.00091156550200254,0.000439495680357306,0.00033274014648232,0.000243720577462047,0.000244343452203231
0.000480334182093042,0.000533529594226648,0.000744822853781481,0.00141062582794837,0.00102168900642393,0.00118308421937907,0.00185087684991234,0.00443858697619443,0.00232351829503843,0.00290905433329997,0.000980661803718408,0.00151250188417019,0.00104461777714324,0.000434228740978555,0.00295588399218917,0.000444511626013422,0.000876544156111462,0.00120192770687992,0.00475809340439713,0.00518387913655227,0.0171504890382091,0.0318535169321274,0.0304866951469893,0.0455823740647457,0.140305651487571,0.164406765032973,0.0987311367049033,0.0749879243225379,0.0554586324841956,0.0351085615994333,0.0744741742704393,0.0114853344489596,0.0167389672754039,0.0184141424422027,0.00929848717786501,0.0127766663578307,0.00828708697865531,0.00905792460887691,0.00298138000312159,0.00206508383217245,0.003264919639959,0.00181816382000815,0.00108275929890614,0.0022819905492687,0.00409071493430515,0.007590811755715,0.00895864635676465,0.0237337982516319,0.0562605467815562,0.248614597425887,0.109104918598033,0.103946051118357,0.118875802228106,0.281097940357488,0.179313151834916,0.0370659090024046,0.0558753414660176,0.0483318606907029,0.035961642181499,0.0590863653581089,0.0427650859473163,0.0320714341307596,0.0699796491052837,0.0963400676981616,0.0543678372954555,0.00485434675571427,0.00794093765123463,0.0199181300028235,0.00433549446465088,0.00247259771636254,0.00781714553229525,0.00150725561299483,0.0055511135869449,0.00356686698804793,0.00152481344303068,0.000621159081745612,0.00156204821712128,0.000477625926312152,0.00151359309988787,0.00995840764703329,0.00665218457228635,0.0174028041398012,0.0125902526214419,0.0411425884579306,0.0192328965928966,0.0483770073467149,0.0553099669926395,0.0301634494243141,0.0228449252472641,0.0431275120549331,0.0384092265938546,0.0164323898617297,0.0172843933861331,0.0145323006160061,0.033343704388963,0.0115955912815745,0.00985731734692648,0.0195471688250798,0.0157871203478453,0.0330474195518229,0.0276248177196264,0.00358631143805242,0.0118114046990535,0.00363315780301089,0.0100364518022684,0.0019790073952454,0.00241723227002487,0.00213460623510692,0.00508102212775521,0.00519774559184552,0.0022220676456867,0.0024968883543627,0.00115910195288401,0.000547063870073523,0.000423743170478869,0.00126089982066084,0.00130747607960793,0.00166516959593887,0.000866820318971571,0.0012574392013358
0.00141337644977622,0.000374666055367751,0.00220868185134485,0.00243711732538149,0.00114811116949732,0.00170938949251606,0.00607039038441545,0.00441460996335681,0.00109770634170852,0.0023702084927766,0.00216288213683752,0.00192913588979344,0.00160749257616412,0.000790243946710915,0.00233373186827194,0.000762918970717629,0.00188314266147451,0.00329555231469885,0.00236541599100049,0.00300215473731535,0.00947090443229088,0.00524624854987208,0.0294472763256919,0.0307467344741127,0.0302119271029047,0.0315049617189614,0.0380046634547504,0.0247480827064095,0.0112780288375572,0.0047360936951158,0.00471446881842427,0.00284386781856657,0.00309647986931939,0.00372268681437385,0.00231107530167785,0.00371480792801449,0.000847928074922568,0.00184187878467035,0.00320582669433095,0.000800272878247348,0.00269885720053391,0.00113814342294081,0.00247651493681695,0.00185399260010674,0.00183599260602094,0.00189984091680714,0.00597280130706297,0.0132158834368904,0.0240672913014059,0.0937140786824644,0.107526234532785,0.0712499759873503,0.117026384971329,0.0259234407242341,0.0691571687538006,0.0391359993172641,0.0440660372776041,0.0363728458174363,0.0190144868497478,0.0239326059590743,0.0125052610632866,0.0408941937461099,0.0156820824155506,0.0158406726704017,0.0476723557665075,0.00905221226103737,0.011713683794531,0.0126449768242725,0.00900094466661255,0.00499024838190591,0.00125442131709059,0.00246200089108762,0.0032592462071987,0.00354564019476449,0.00131279622545398,0.000871132819991523,0.00179023662086442,0.00132371354896596,0.00300072790599851,0.00154976435767315,0.00130865057672114,0.00146582378984712,0.00144562057496718,0.00305450992619681,0.00430190380956645,0.0033145104164375,0.0040936339998761,0.0022770957884616,0.00259340452734716,0.00237602435098031,0.00202530970862378,0.00203741649899867,0.00208335280592475,0.00397564138894258,0.00268357475549558,0.00289723518772743,0.00278467719200598,0.0063891881546194,0.00206180259570707,0.00168533530951798,0.00148166583481607,0.0014056014931544,0.00157989076048139,0.000513059314647729,0.00122077651020404,0.00104264077168705,0.000840763796505516,0.0019308548038603,0.000697724528529637,0.00543213088177534,0.00102969916947989,0.00119447026187255,0.000954963017957547,0.000924115602616325,0.00231517525841304,0.000564058640881038,0.0019618206693129,0.00140661613773009,0.00100642126316504,0.0018921963471623
0.00149697048934229,0.00145013733076797,0.00290417441229547,0.00227422051815441,0.00279219264883496,0.00368518055071758,0.00342848274291514,0.00532519743882579,0.00235854058095861,0.00311880784805343,0.00188488724971797,0.00190912049533285,0.000847597006125439,0.00288206403438425,0.00101115264466787,0.000907345125684826,0.0047129934265387,0.00147909806848177,0.00156029870992152,0.00220850757481245,0.0161437314291866,0.00586782894899003,0.0198546577563552,0.0372883434604643,0.0101461485997844,0.00848567205850938,0.0215801709926627,0.0188657539449887,0.0257419066979909,0.0107643335208387,0.00622351131501095,0.00666657886749098,0.00314215581700861,0.00366241655292262,0.00559790034085344,0.00442860124104056,0.00620685146449207,0.0075586803424038,0.0100665831482948,0.00390306243959886,0.0197227759026597,0.00460089585015334,0.00705507068085417,0.0214693188610832,0.0393154706742239,0.0246703744726516,0.0283909594826161,0.0123937224167466,0.00976429881564891,0.0194392686302147,0.00852174766611537,0.0279401941356794,0.00736116720926891,0.0140557029283508,0.0186148083479537,0.00782910070407239,0.0053877542849599,0.00406134955824272,0.00382353662811644,0.00620387677899213,0.00680129857175086,0.0157501767323463,0.00633594343434654,0.00700279132904411,0.0240898711512945,0.00774950073465042,0.00854005965503515,0.00361623559133692,0.00573933213164345,0.0026411075294683,0.00652429421117015,0.00410242375621926,0.00210936228794025,0.00190842712806375,0.000242502937490728,0.00101510478232104,0.00218786802287123,0.00150767972966651,0.000713197185068666,0.0025426364532813,0.00684957407825877,0.0019829488098486,0.00239803150896983,0.002226738155945,0.00131293585373477,0.00204382403645224,0.00289417360064494,0.00312359874789134,0.00463160551579086,0.00239456945955101,0.00420900835239764,0.000762558656024714,0.00482929543608021,0.0021886110507912,0.00220100683214994,0.00404812163131029,0.00132869001723026,0.00134723563977457,0.000859231862254015,0.00302698786501161,0.000888117021924171,0.00301422217313479,0.00208735088256535,0.00116190007753279,0.00202514445194446,0.00241810345579647,0.0050301526701532,0.0012394337555049,0.0023106159905712,0.00400089132152597,0.00273671056941951,0.00413243136848009,0.00232640210460029,0.00308034289449124,0.00433945114375703,0.000781043250380068,0.00227723664905861,0.002448481634019,0.00353321573423088,0.00183893237604975
0.0010815518098968,0.000350737972087436,0.00159351083037936,0.00362511759473631,0.00139617511592904,0.00103014738450749,0.00183552996913607,0.00250305447522077,0.000962768089843567,0.00130258243923156,0.00120392099683901,0.000605735499021476,0.000520401942816088,0.00223147303593223,0.000667723562547069,0.000426386833035185,0.00134692894461216,0.000464784375867864,0.000470214104944052,0.000817452349806653,0.00167347339980946,0.000873494920064747,0.00235877274977543,0.00459172125370058,0.00422141373395498,0.00245374325425276,0.00330164463000985,0.00166452238529087,0.00226280328862867,0.000924171876065258,0.00118138804946438,0.00098543712052102,0.00170954884380876,0.000905346696554011,0.000840417105635989,0.00207877188944826,0.00229326218783046,0.00323159807521561,0.00550038171064155,0.00537728409631231,0.00646542390461264,0.00670708095785835,0.00815400191503519,0.0227118595430608,0.0353619150048537,0.0336069240423187,0.0396251234833387,0.0122319580789982,0.0197825541739999,0.0320281149132233,0.0280398827864086,0.0145718968387995,0.00748074780047953,0.00943338438068405,0.0119467499601708,0.00657644896866141,0.00380502764724101,0.00493766508281177,0.00533803967908366,0.00547520590784117,0.00537435185023622,0.00941093776181486,0.0180101898438007,0.0187337258616538,0.0225050274793616,0.0123595275712652,0.0180527894512831,0.0145943721605476,0.0121660706652694,0.00786957468102041,0.0221988510123652,0.0175747307186557,0.00343941981654593,0.00371437052263959,0.00170890601088507,0.00198884723206126,0.00345756517080428,0.000774445626185916,0.00104872138350896,0.00375057825930191,0.00262713105943967,0.0036168558323896,0.00119544743692204,0.00305428888891465,0.00131167979725108,0.00264812268429735,0.00101222438389887,0.00292072459157102,0.00101292826067665,0.00407022314787199,0.00192698352868037,0.00121109526029177,0.00158631482126877,0.00170533215493383,0.0020896378862247,0.000876926641480072,0.0010976636389076,0.00151571349366788,0.00126839308328349,0.00297985120849255,0.000918012785104184,0.000842663720210963,0.00068018732547655,0.00109391464528297,0.00141759475582792,0.00121749358987596,0.00155903554058002,0.000896825037460835,0.00105314939809749,0.00108240704728572,0.00185493175521482,0.00270951328848758,0.00236168960522666,0.00158229638013201,0.000676476283014785,0.00119153503868454,0.00176045915785148,0.000992035049621857,0.00241244548913896,0.00118553570401456
0.00144266253928319,0.00137217434003575,0.00124186694862275,0.00295362304722724,0.000752233703627649,0.000832982093034839,0.00160347591723734,0.00145104596228056,0.000180588336858573,0.000414698506854275,0.000688976074346129,0.000641098003365641,0.000376257141250311,0.000817193166349591,0.000891296442240017,0.000464607056463392,0.000461196122844523,0.000426834402802129,0.000352584877580021,0.000247664163587542,0.000989252300816388,0.000719600585196339,0.000723924928929095,0.000673648174801096,0.00105818828376343,0.000803530404902791,0.000826768145836648,0.000669223972208374,0.00108005810087319,0.000793284332089105,0.000447088984610935,0.000373823373754614,0.000742485347071538,0.00069361984267738,0.000155318181273098,0.00114579227816295,0.0013886620466557,0.00078230764260262,0.00155604078305296,0.0016879251332357,0.00200419419182284,0.000997603163173721,0.00238874042819221,0.00126779834627182,0.00302417950845582,0.00361220885378009,0.00201354012075167,0.00242357327663109,0.00570384016071348,0.0103577466409403,0.0183686254893646,0.0133518769364274,0.0143986228031848,0.00652144418358971,0.00304631382195412,0.0024006365602219,0.00174216880808892,0.00283269708097969,0.00333845928680712,0.0018558794236284,0.00665882382295224,0.0163283680472033,0.0173690766255394,0.0423717278377891,0.0284501951710477,0.02617013542238,0.0276485969309317,0.0223395070397242,0.0172274745315788,0.0438732232605271,0.0480568279812401,0.0526120558819937,0.00881665948545907,0.0161375841890847,0.00687857499443009,0.00751750536119977,0.00334897983072812,0.00449065410752085,0.00472333075178502,0.00288988782290386,0.000861921994486154,0.00100052348811689,0.0020624885806891,0.000850297030402343,0.0018989206722696,0.000618747363272228,0.000811835432927327,0.00105124506782568,0.000667207977255548,0.00109821126827085,0.000773175754487457,0.000573624633857455,0.00125440428465378,0.000445207145739963,0.000983407384100829,0.000514088679261962,0.000757172145020543,0.00122151671195704,0.000673332134650263,0.00207457710806982,0.00107581502243937,0.00167712352634978,0.000720013429374304,0.00132480157189626,0.000791358837985883,0.000813089511066447,0.000805081539837559,0.00091247003217916,0.000632510433960954,0.000481799875315679,0.000680636539809144,0.00168343503101126,0.000546364334656345,0.00119214931417391,0.00081511870412524,0.00147486352356674,0.00161608401939284,0.00023213992714156,0.000982417592467619,0.000544380444742566
0.00042222560877946,0.000415095052976191,0.000168391445432391,0.000521491861623763,0.00101145219162973,0.00055654831575052,0.00066741353376858,0.000925044732337849,0.000916114967211971,0.000594089997535367,0.000903219257158503,0.000592999179628331,0.000452699807671004,0.000232033795160295,0.000512201450511657,0.000417041673604486,0.00108247491370509,0.000710183414626773,0.00055132573321882,0.00050699500815875,0.000538336239900572,0.000397767334670005,0.00118206185693569,0.000761262607017777,0.000665411385964526,0.0024648221688437,0.00295220318980558,0.00285014340719093,0.00160651767159223,0.00294618993795667,0.00132303260447546,0.00148645071940886,0.000773194141767602,0.000395376132514293,0.000223342021438599,0.00101582025965063,0.000621159044695664,0.000735524919566153,0.000680514240150663,0.00125553116742529,0.0012582573866666,0.000955514168328014,0.00162101945453763,0.000522320268666903,0.0017064570747192,0.00367073900484052,0.00721934690930741,0.00941237024071863,0.0165203329640317,0.0151462115593719,0.0668530393826763,0.0330451867102604,0.0468366369616036,0.0278602182590461,0.0106729502390563,0.00844621210999099,0.0126303498861774,0.0198593220818847,0.00836778247286634,0.00593351144430111,0.00601198429644048,0.00828225884173669,0.0181460318296219,0.0190950647400097,0.0433563349877791,0.016668697562452,0.0795689742705621,0.0997987638528361,0.0433794983306709,0.0517963391988384,0.103448633474739,0.0689617128257499,0.0332038952769812,0.0195176142864672,0.0368165559216811,0.0195390427052833,0.0118025802012874,0.00469599110174717,0.00772383854175746,0.00616715499151297,0.00506481807527244,0.00379836723776605,0.00314607959594539,0.00242883499267414,0.00649500817203336,0.00289162589543399,0.00177365617144092,0.0020958012619225,0.00196827770856204,0.00138905221356881,0.0014041389645151,0.000849696878978041,0.00113659469662783,0.00119466905638807,0.000959681524341528,0.00114947551797124,0.000504140917969344,0.00101476784945494,0.000881838510962351,0.00120187033511576,0.000473509741741292,0.000501260546739837,0.000570616730811877,0.000381427943394511,0.000305937000948251,0.000316425565277189,0.000779979318378401,0.000943735308644245,0.000505753599296089,0.000522256098385551,0.00043773971856027,0.00115522207195898,0.000399675047669365,0.000495599648273147,0.000427654428359891,0.000474410703996493,0.00055401216353876,0.00041036948392308,0.000243290341079556,0.000763790079338037
0.000340711758528723,0.000833803352396714,0.00086052203772416,0.000612729327239268,0.000355341727373009,0.000161693650727902,0.000255524563186744,0.000386446888556204,0.000514129538783616,0.00035352324210937,0.000675753287632228,0.000255710510547109,0.000286684575722814,0.000458558523275868,0.000210498694651238,0.000303263344114691,0.000924711157467347,0.00165135706496041,0.000589212020458992,0.00119536028483824,0.00340697879618755,0.00254372233383908,0.00335056538829054,0.00402132871059079,0.00353338790637045,0.00727269747753252,0.00617084399877762,0.00770882367043365,0.00375766806799925,0.00774545233145498,0.00410753541002802,0.00291927977585523,0.000756206354662963,0.00149657508387515,0.00157747693768406,0.00184000771468738,0.00107355515889897,0.00125587828965116,0.00118725856129096,0.00272962063641437,0.00200324252504091,0.00138200101781327,0.00173438003389355,0.0010934775226772,0.00244051115232273,0.00310761901683844,0.00691769374579369,0.0127994475415265,0.00822622762171693,0.0205993026289531,0.0434018741230446,0.0222127096411265,0.0138927233938352,0.0252761226423331,0.0105958698129105,0.00637493180440991,0.0112922653781913,0.00672499475050654,0.00279873402350636,0.00688665617430148,0.0169051500427182,0.00901408381367184,0.0227079080754007,0.0281329848856182,0.0186462035684643,0.034559442796965,0.0636647246895961,0.0797258420733628,0.0727189700541247,0.019907234119961,0.0306647441037098,0.0535863564481006,0.0247224548296608,0.0319277250275143,0.0140179701886873,0.00987920037838836,0.00844415154728346,0.00257317630615528,0.00569369497855796,0.00867492723092093,0.00449781058806914,0.00675408628689886,0.0132888091849602,0.00784312400323329,0.00934482945920461,0.0103576221990828,0.00378217569582366,0.00538250820519609,0.00983946132983568,0.00436630509985261,0.00278689464746522,0.00182018919436304,0.00501920115429193,0.00216183649858754,0.00221976663299331,0.0022311707424746,0.00414062047170781,0.00643005786534057,0.00542466862449424,0.00356601071029605,0.00328233649294737,0.00403043676164417,0.00141546837513518,0.0013642668001738,0.000929619781222083,0.000544553516506414,0.000879910072358183,0.000795942813870427,0.00120968862841048,0.000355009535882794,0.000566322228140218,0.000335371698325054,0.000298416102914232,0.000345840266618872,0.000381154234609666,0.000398942934576651,0.000564396693601057,0.000281676570420169,0.000472547136573613,0.000297984787945724
0.000414148890948385,0.000749827946273262,0.00051690554910284,0.00134168408363971,0.000424367217461374,0.000398582981669532,0.00046697985278078,0.000348239434516545,0.000386586019175839,0.00030879506167884,0.000170446423968437,0.000213439055030095,0.000289012932998076,0.00017139348747422,0.000333873822309862,0.000206172567020476,0.000850774076313444,0.00052260734288166,0.000230454584563871,0.000946860784686834,0.000786067272098417,0.000747508746382552,0.000886439355598762,0.00135681012589785,0.00138767788193251,0.00152614407605919,0.00132377341036521,0.00243390817405726,0.000893569462917833,0.000954030338910513,0.000637961406788829,0.000264559146064022,0.000288473771261746,0.000386151460264052,0.000346858134729608,0.000698167346409745,0.000550588298976333,0.0013409554135119,0.000783171747539367,0.00071415937118222,0.000993968027974732,0.000644373162092122,0.000648536991676084,0.00040344742076124,0.000913529247862826,0.000987649730359201,0.00124146468019434,0.00280167175564059,0.0029590873666878,0.0205643865808522,0.0608413125814439,0.00778789479687336,0.00328015996111411,0.00906760496087889,0.00688355787733936,0.0038739261293978,0.0044682182647669,0.0024293298893014,0.00337949433298426,0.00805280129464289,0.00963054145503843,0.0138345555831745,0.00916066628016278,0.0227674931885586,0.0121337098770629,0.0203478350194785,0.125392024350568,0.0363597041277596,0.0442792403671853,0.0357649496309303,0.0652600730523498,0.0150766820058142,0.0214826292752589,0.0125763000978227,0.011785053008136,0.0129371106605869,0.00581321579711693,0.00498989636381554,0.00395732009507881,0.00482046709248493,0.00175211552734173,0.00212423844599983,0.00309467220449692,0.00529040373679976,0.00663098088845719,0.00414051338656397,0.00526662348505964,0.00196694151507355,0.00409359144723005,0.00130195840729215,0.0010012978371271,0.000792123732951761,0.00198493255302053,0.000787868670517018,0.00170510854155672,0.00142539938214846,0.00151162975126492,0.00239352436702048,0.0012594814802446,0.00132062914874961,0.00111277262460572,0.000593630939458057,0.000282720047363814,0.000606988353446536,0.000688135030558168,0.000783354828506079,0.000832055752347978,0.000479130818665131,0.000686241741856384,0.000352290591651139,0.0010652070203101,0.000153086689069964,0.000326476167300456,0.000193230104481134,0.000237625257034923,0.000357739918700935,0.000226718116356825,0.000264819466952837,0.000191128021565418,0.000246334245497413
0.000586395973373268,0.000299569252397691,0.000394867821412053,0.000670441866080349,0.000797056844840086,0.000342543138552264,0.000272886661359599,0.000591735999674816,0.000310491278972477,0.000416731412798505,0.000232281069148872,0.00030009460711075,0.000231303401058664,0.000226202732581844,0.000420145334324227,0.000501026809213774,0.000380011484921724,0.000824857052607026,0.00027334510190614,0.000375475161626644,0.00102109361044166,0.00138424326289134,0.000939510930714351,0.00186979850576558,0.000760322243445028,0.00173631390025344,0.00258016896446133,0.00144091167627336,0.00192802437978386,0.000434310427244709,0.000746219181874252,0.000357045163391056,0.000774866966509378,0.00047408423626897,0.000857651744085189,0.000956736283993313,0.00135864997246284,0.00163636084982388,0.00082115723602209,0.000414603903124761,0.000822131625266913,0.000459930836180952,0.000680340922176239,0.000599669252525671,0.00108298682293854,0.000840560740428603,0.00137139460632532,0.00134248443780497,0.00150434501494304,0.00719068358417803,0.0153025097537975,0.011411352962671,0.00122329637740041,0.00630366307588134,0.00365454829497022,0.000739626487122188,0.00168579248787347,0.00200085417953402,0.00226165366229119,0.0040384058031551,0.00383572781836679,0.00762508864618942,0.0101231464449031,0.0121446755940157,0.0333674695922662,0.0284214505529686,0.0483704363320997,0.0171403697576611,0.0157110578608247,0.0397390229187554,0.0329754329706055,0.0172289399423505,0.0172696540763692,0.014306639102831,0.0143047039674339,0.0075493507397038,0.00764276497888585,0.00442476901374526,0.00227848695571503,0.0028815694944372,0.00121766218048364,0.000944300831989104,0.00102201382782717,0.00109785844737102,0.00124879349236585,0.00203712315006858,0.000818395244262425,0.000475758620496348,0.000581801191011516,0.000325162218236766,0.000563497103541104,0.000385671804672747,0.000855677800959184,0.000764782174458629,0.000485431744364611,0.000287043211700703,0.000390013479218222,0.00131164290723054,0.000882588829573308,0.000544636814105993,0.000297867805253713,0.000737202724196088,0.000192974857030008,0.000267430948437867,0.00025120475485427,0.000278854514154464,0.00054832514992654,0.000321526615751623,0.000591730115044383,0.000174690585040363,0.000364735841061377,0.000149898325093208,0.000327243428320683,0.000171748639837674,0.0002289574168767,0.000278831116426221,0.000184087388784293,0.000199152397718282,0.000237223339659905,0.000242157741734328
0.000361660047890956,0.000435933920815412,0.000151173936338551,8.55281321396111e-05,0.000158814995269032,0.00029200946868956,0.000200525072175034,0.000238282566759151,0.000206229672198985,0.000260402561886236,0.000201857582731401,0.000222896322354718,0.000328433640545711,0.000277935797116819,0.000388934200540407,0.000221012054578376,0.000169799310956683,0.000245267482082252,0.000169838852802325,0.000168178891359568,0.000671359181665382,0.000627423845002138,0.0011121649686845,0.00182609914693352,0.000386916176545615,0.000817619168787788,0.00207994631128172,0.000696591778743878,0.000833322613986503,0.000306967567081437,0.000230685589564586,0.000212221881865296,0.000430867773287109,0.000412569351152068,0.000507494255633688,0.000460848406261292,0.000201592687571107,0.000263710682974592,0.000406545713805623,0.000303020503783015,0.000510576126594605,0.000348114010248064,0.000377508938967576,0.000242194912396347,0.000272034728428445,0.000441628593779758,0.00102643819408815,0.000196055599961778,0.000703772999700895,0.013274575367058,0.0163694966216171,0.00542337036704918,0.00191854773775547,0.00198443483077108,0.00371237148562611,0.00172792815776009,0.00135058859933151,0.00189080080691023,0.00206872582353243,0.00122534686563042,0.00127499283372997,0.00867795654519391,0.0136228536263652,0.0121659142029226,0.0153791015953067,0.0318342724738912,0.0620865216671296,0.0476723114517751,0.062102160000067,0.0275759271510313,0.0309940690173528,0.0148908745941848,0.0185819991768762,0.0117620426726384,0.0118203247304411,0.00543784151350524,0.00545180800412678,0.00408069924621404,0.00376889336040746,0.00180859880534175,0.00184077789152832,0.000532348774241491,0.000612180079628747,0.0011066800704296,0.000619267984330565,0.000660252682605744,0.000196620951359393,0.000195654441709738,0.00026772999799585,0.000378460122654375,0.000365823089518144,0.000183953692849167,0.000280261799256907,0.000217083612306546,0.000276989219461635,0.00011760317995815,0.000302104351769069,0.000951222146744123,0.000451714512598251,0.000151942953764089,0.000391317545924073,0.000223037993582103,0.000289444598539869,0.00027609869075583,0.000141148514476515,0.000184777035549061,0.000534617957637581,0.000319323084985975,0.000827195982103658,8.74241268245656e-05,0.000260003268442234,0.000231694320022461,0.000355795302012826,0.000161691142368213,0.000184485914740072,0.000295019725892524,0.000540522412105839,0.000363331511312912,0.000180260364932326,0.000278590357186626
0.000281121723061899,5.46466925964032e-05,0.000249234608658258,0.00020490063067403,0.000208501400342799,0.000139676029573979,0.000418876155403277,0.000155934496247608,0.000170672944090101,6.32748057278975e-05,0.000148950249566889,6.98245533479034e-05,0.000152158365720859,0.000111080484489014,0.000192371285910653,8.09755334354728e-05,0.00022710386528384,0.00035846372717212,6.82951153251753e-05,0.000127982508130656,0.000238909266327612,0.000406452756673084,0.00014007442352087,0.000118767049610595,0.000115292068592341,0.000120896855540447,8.79814423016669e-05,0.000232354870926543,0.000122674169906399,0.00013949087850326,7.05367547935065e-05,7.41867835701045e-05,0.000154278976210969,6.11953269785807e-05,9.12205780634991e-05,0.00012107194585177,0.000198511350007264,0.000273220043115146,0.000257555021331328,0.00030958477818708,0.00019936199134707,0.000108689844875491,0.000318321748906855,0.000236987637592462,0.000259767077760638,0.000184377974739626,0.000273233291643611,7.54730280519639e-05,0.000363256718276557,0.00142793038881382,0.00259981113750028,0.000673718056572478,0.000369153010591473,0.00122263105688166,0.000654043283361647,0.000666723740887187,0.00116939748725341,0.00100821940925911,0.000672081663977166,0.0010151645918922,0.00367150734307149,0.00325337115510529,0.00467768493581247,0.0153119047367049,0.00924404858331436,0.00598416887600587,0.0103070575286833,0.0490914090268971,0.0417284338613221,0.0413932573328175,0.0272450972088178,0.0401847844487095,0.0133219772861345,0.00606402045999697,0.00587797203288348,0.00435496309289886,0.00584035812205818,0.00109945979963279,0.00162578293745295,0.00138496193778876,0.00125476295139516,0.000999158664063706,0.000642649132967487,0.000213742351035617,0.000310748287721468,0.00024676636405226,0.000324997237684958,0.000139390837389558,0.000139511830957476,0.000245679366358772,0.000340530100535861,0.000251865890916394,0.00032266833936118,0.000271675674019359,0.000156841957797776,6.98981464763261e-05,0.000340688155911695,0.000289237136717169,0.000122798275634526,0.000120163470649,0.000179984943402223,0.000230168486156259,0.000129144491101022,9.89278618852513e-05,0.000102105588578793,0.000217375021122127,0.0005351516428169,0.000122340367488154,0.000296243199074241,0.000199377282094409,0.000176446601693823,0.000190039481872842,0.000120119864773441,6.38652772198569e-05,0.000140651179636951,5.45567182506825e-05,0.000226407242004782,0.000188615628819042,0.000183566029742297,0.000149847341516815
0.000954110134722136,0.00157500055361062,0.0024063229879994,0.00687777304268636,0.00568207843364603,0.102455068483638,0.3070178534055,0.448935995270647,0.473328118236942,0.288048102813849,0.389895623183354,0.310374272908966,0.219299038031433,0.138250485173576,0.121460522980685,0.090791205274406,0.0299935621552781,0.0340053189679021,0.0124978630554289,0.189555220956865,0.418403729412835,0.575733817177005,0.538714598483418,0.441169044889602,0.315000089969014,0.231009256169966,0.105701422656142,0.0307368639381182,0.010271363605253,0.0264509018925465,0.0221806917289808,0.0296656297830111,0.0220888762032844,0.0143558170265613,0.0293857265401667,0.0529766928640452,0.104353372366563,0.0964330307756093,0.0872616060835935,0.0727000290490435,0.0635418452890689,0.0589825753424707,0.069018389490299,0.0568461356825446,0.0616231476593239,0.0567413994132046,0.0681114803751015,0.0565082637073689,0.0519368003502787,0.0425654638337171,0.0640836496616517,0.11908633910908,0.0940807234203731,0.0935062246186021,0.146802970802684,0.222362507720981,0.258974112357476,0.149955860854407,0.0974676586315316,0.0813813859946873,0.129667120756159,0.0565552306530505,0.0182572952458314,0.019474851693711,0.0217899168455261,0.0219912311062591,0.00489889552255879,0.00462306649212789,0.00247316923367785,0.00707466459971197,0.00263330945848973,0.00590930278377608,0.00548830449286081,0.00160683946739152,0.00418201798792076,0.00372564650408868,0.0171365193554457,0.124857956674437,0.215696555902535,0.103853079265748,0.0250133670062971,0.0947495993718163,0.0861710859569375,0.0658868212324567,0.0555774098217547,0.0914517724494937,0.0576906141438383,0.0131150892080644,0.0480489060420449,0.08359706876091,0.0412055118066207,0.0636606218842181,0.0714096299932968,0.10204188200351,0.11539313211947,0.0954294956779037,0.0688834037039372,0.081959952842396,0.0864814389003051,0.0760589992900775,0.057429236661547,0.0242102334826067,0.0498691988414203,0.0275104544269792,0.183225172141046,0.349271969697315,0.539169281848263,0.477555730644348,0.46252559463727,0.2712139596995,0.223661603756373,0.181652711865128,0.0899212935386595,0.0663147560971148,0.0590076898821101,0.0454646320879616,0.0157061973228269,0.00691396705095472,0.00790125453133489,0.00607582960554559
0.000342342090139846,0.000725223921595235,0.00197366475661107,0.00201952206091657,0.00548586069559753,0.0310900825527027,0.0622648156552843,0.0324673919666823,0.0527341758175931,0.0290669663421369,0.0608503164288854,0.0194993692319868,0.018297638560922,0.0194407717472445,0.0209457812694185,0.0147255005631929,0.0245435058419412,0.0129369837031095,0.0265594831967287,0.0564720256735496,0.0875138641379476,0.0976696074050194,0.0675314831986222,0.0581920953192957,0.0306650291428955,0.0757364820528314,0.0625411090935306,0.110021582469094,0.0576340931159349,0.043658614989195,0.0253779213316152,0.0481821489098596,0.0445967407260394,0.0834541535421584,0.0754244118720796,0.168364246642844,0.132136611048428,0.0797051682168717,0.0716469372398305,0.0843012282709353,0.072842321728551,0.0634124495468975,0.0767968621324199,0.0764829613136334,0.124771545548576,0.161889930662874,0.180954375914489,0.143529810686274,0.126541333017094,0.104637929236237,0.119684382498198,0.129690794960952,0.10083225037788,0.130490246737698,0.140842869371794,0.140366027015327,0.102359800753825,0.0582502277554017,0.0377955504840648,0.0909612469261276,0.0837095215271549,0.0700486652453815,0.0548649765704912,0.0399513159135009,0.0158038712054397,0.00945030467475353,0.0122926788356446,0.00855219674467223,0.013220603055513,0.00898688051021065,0.00514328625182532,0.00148339617870651,0.00157592132317429,0.00128585025144641,0.00341017838059551,0.00668595277175158,0.0211185186712531,0.0299581337807532,0.0506489041100028,0.0318975111744354,0.0823751936830731,0.101351571805299,0.110083516121666,0.07570960006525,0.0485631012892887,0.0669442678973026,0.0806138449280031,0.0653709687515603,0.0088925788429609,0.032823617712384,0.0130591191729116,0.0340684746760682,0.0411720693758828,0.0464489713060403,0.050082021652844,0.0542416443551838,0.052502068038581,0.0479068171997304,0.0537913447709181,0.047383122474243,0.0418968692573836,0.0274061415744544,0.026877534411157,0.018122589773362,0.0590584660592708,0.133463709968776,0.0770937735454011,0.0435704146849759,0.0808957056083101,0.0518352285369429,0.0341824732712067,0.0176512675481221,0.0214576168410158,0.0240019707624062,0.0104550826191915,0.00521018062219577,0.00657666112349956,0.00688021647907503,0.00519822623939047,0.00416989175023179
0.000901108161503242,0.00113748598845491,0.00300460810236354,0.00444233158515167,0.00387204280235674,0.00470372735708588,0.0336027344155793,0.0336746886102841,0.0215462418825203,0.0287443524729673,0.0322476092348742,0.0133930902193005,0.00589042895517404,0.0139668825675195,0.00732537003918461,0.00695314378409737,0.00444742672774128,0.00704536915398437,0.0167882815505245,0.0372849918237184,0.0534404047278053,0.0715179744455683,0.0759447484790629,0.0607306185041113,0.115958017630046,0.0970198967649904,0.0891722755061983,0.0724097143244667,0.0919839524947428,0.0467913266217279,0.0151989101824779,0.0393622813234572,0.0350137939941745,0.0238014769203137,0.018536674128398,0.0544133953973307,0.0706423955760107,0.0513003877879109,0.041202234583819,0.0369151274067118,0.0234590380116502,0.0441791408229172,0.0563481810295616,0.0715667528221942,0.0259569846516611,0.0410662961500732,0.0661637737620318,0.0755451804531987,0.0346569815620565,0.0556342180550267,0.022625812842395,0.044682195360955,0.0393288737056389,0.0901238925479642,0.0391440170065016,0.0340241983096267,0.0553204064713196,0.0360313912629021,0.0478635847649902,0.02753431596443,0.0132970624449028,0.0102481243174878,0.0165872038988019,0.00724253483498434,0.00767864458911071,0.00775466184719392,0.00717913767312747,0.00339544758466237,0.00486816761468773,0.00364623875569763,0.000833125828909432,0.00297421655828141,0.00151599818346782,0.00136213058778687,0.001874830004679,0.00293068408531436,0.0104595311020498,0.0421018570169692,0.0381072707646151,0.0719534327593121,0.0202530583988461,0.055400119262808,0.0804912365239882,0.0243006596860572,0.0237973166259436,0.0347623829925261,0.00980598161368128,0.0115407784847521,0.0130760088921552,0.024510441580013,0.0165528044686518,0.0102049155841676,0.0319594737282655,0.0139241760741874,0.0303298201710481,0.0108549708638744,0.00936173907750239,0.00856110599136026,0.0281514203376244,0.03683427717938,0.0272357268237151,0.0128809047447807,0.0155118742275255,0.026384740016799,0.0118586695334015,0.0367603859595573,0.0245847480638177,0.0111535105806163,0.0159038898071008,0.0150908986326922,0.00660272240748133,0.00348005984642879,0.00687182929579468,0.00295523415633291,0.000967962067694861,0.00248824593512082,0.00219985206334595,0.0011573357014371,0.00118432322123668,0.00234692048532096
0.000726208760338169,0.000569140107881615,0.000838396279019513,0.00194117211266275,0.00261894137960596,0.00261955472815972,0.00536315688836249,0.00637814133284674,0.0098690473892607,0.00786810831730783,0.00785220988406769,0.00703872051132191,0.002011190554932,0.00169215714865188,0.00321320205217726,0.00240386204835758,0.00203109961881163,0.00288607704107522,0.0158340656810324,0.0586447679215846,0.0544014486715775,0.0343144551922343,0.0974382847420159,0.102738052001568,0.128203714379427,0.162247236058272,0.387115872202332,0.260664923806625,0.129615492589235,0.0248396215940464,0.0227573629244656,0.0214631872642727,0.0156475644115752,0.0138843744550522,0.014378150687138,0.0618611161459363,0.0610488901782144,0.0545665184751766,0.0628019222732819,0.0587381940919863,0.053417987491174,0.0394045555909886,0.0414462292919329,0.041415747768604,0.0571211995307612,0.0409924296761101,0.0662934388859766,0.0204290652739528,0.0223893290963728,0.0366065540240606,0.0353037884928673,0.0414521038792803,0.107179082108261,0.0710700245998027,0.0544475274253379,0.0719724768469641,0.0797438926661817,0.059225775512636,0.0459880785827695,0.0503182942651715,0.013605840106604,0.0133128341059276,0.0104434361955797,0.00615889710828828,0.0031950971629823,0.00444358879719227,0.00445344003575296,0.00397298669433697,0.00243982421687099,0.00235584512451096,0.00486668968155359,0.00505217916901019,0.00222107314059796,0.00212942064034478,0.0010222438715948,0.00444621761190957,0.00857029776805246,0.0666059050395359,0.142158147159449,0.161846533737727,0.0911565829418831,0.1374139208766,0.0971753085961834,0.0618727649231991,0.0505331747734576,0.0585697167709975,0.0128032453436148,0.0212785750143094,0.00807413484964975,0.0326559746704574,0.023996256018394,0.0141281899383547,0.0200000208251745,0.0335966660791951,0.0475288979922953,0.0146400377948559,0.0126697296933213,0.00993988067187872,0.0315342488085575,0.0343187068347119,0.0198610629260044,0.0101511582716523,0.0281156222987565,0.0224584293307643,0.015180291063106,0.0227970691703837,0.0210298941141032,0.0127651229075102,0.0071069188255659,0.00556341655607965,0.00742924463630693,0.00359634756130717,0.00234554344858113,0.000564935333761397,0.000931607945248365,0.000791512850022886,0.000547098839140979,0.000634164157214102,0.000726923984385338,0.000789884124454763
0.000532135490318363,0.000835431934685879,0.000623217124521163,0.00157584864922477,0.00120974346768036,0.00174330306104752,0.00139762265786222,0.00196479791268182,0.00417788134867885,0.00406136566131217,0.00236896033622004,0.00120883632301357,0.000144220107642843,0.00112230917766277,0.000815095408762197,0.001159995208574,0.000537390219296313,0.00159797525307479,0.00421433063896922,0.00857623815669059,0.0248678448538083,0.0152601668938704,0.0302196911830312,0.018239910605712,0.0402402131771782,0.0305694564208068,0.0341772662771599,0.0354238156915427,0.0122013568148139,0.00826831411091689,0.0101384633873652,0.011724775198992,0.00470350076463408,0.0060745192453324,0.00403976380995705,0.0134428607592944,0.0298445356466314,0.0229613194265122,0.0418842705379345,0.0460084915344128,0.0406432000125929,0.0251951736804988,0.0444749744376697,0.0588941210978866,0.113024743167944,0.0638150679332915,0.136583407684357,0.116008837568744,0.0783029769111018,0.0774885156215284,0.0773243577225394,0.107760957581387,0.121996192311978,0.0726747292919923,0.0798412096172251,0.0543875310151353,0.0704036734790781,0.0337188704960055,0.0241259056324846,0.0127866170576184,0.0134638768234691,0.013339146793835,0.00942979478368915,0.00650719399644516,0.00746076929813412,0.00380038876555554,0.000945734060075949,0.0040583299648942,0.00144982311819432,0.00270791601825512,0.0030294749837472,0.00171434819098454,0.00122470501378685,0.000988305678525439,0.000641300560394489,0.00185504833378675,0.0067150626833166,0.0158653638025341,0.0301423175081803,0.0462365345477192,0.0466846555107251,0.0903866661618216,0.0435095717107801,0.0389176974295211,0.0519130234257653,0.0478028495249963,0.117288666620695,0.0152454577532507,0.0432178566968983,0.0344753071587674,0.0743311095907641,0.0611245826303356,0.0342307006181657,0.0402321238727717,0.0504917841251599,0.0182080383843244,0.0164183057494469,0.0192473312527793,0.0156217721683074,0.0260693749798335,0.0129193248420143,0.0103322381615054,0.0248417160851607,0.0330475065982807,0.0154058521146562,0.0070282559598545,0.00924881716992824,0.0142131623810262,0.00980982684348333,0.005261356549752,0.00224848569909806,0.00111776817823732,0.000887172054503477,0.00052243977862014,0.000410881795157563,0.000195248196253958,0.000431567346224791,0.000674337711350349,0.00035662664572897,0.000725572187899759
0.00118259119909839,0.00180554260345345,0.000851640501359965,0.00112566878948521,0.000330441716302142,0.000400491105118444,0.000783001037417044,0.00095475021106559,0.0020159793407028,0.0011125251905198,0.000957630822701875,0.00053750060911347,0.000113053689949595,0.000358869383383938,0.000569188840106144,0.000405065412597002,0.000371953674254319,0.000595748608812459,0.00118245266226091,0.0152607649396944,0.0149763802370494,0.0164739623001445,0.00991331762799489,0.0147433408158329,0.0111635645881231,0.0277629149077057,0.0323100703877709,0.0146882832431966,0.00555975329925596,0.00735923795317487,0.00483585991304323,0.00391776724072074,0.00215248154086585,0.00371257321303448,0.00590316974947793,0.00896762856973211,0.022687240543702,0.0132473234987176,0.0444283243659631,0.0476629857945441,0.0425526623068224,0.0413160682062591,0.0343559343115151,0.0313939122647595,0.0743973980827622,0.098416943595417,0.206537257593454,0.261579133764541,0.254421900186014,0.297958548956551,0.106190424428796,0.0627825602722992,0.0621088390639007,0.0256300997763731,0.0304210762171783,0.0304859123546772,0.0395474282726755,0.0179657243080293,0.0118340805646479,0.00947203293154531,0.00974048189075032,0.0133223645575365,0.00678459896069328,0.00326945580287039,0.000549734499033386,0.00144676404338099,0.00120384167674913,0.000950839998484685,0.00146686156425818,0.00106968490233413,0.00146854237835817,0.000540451332986125,0.000856239816324375,0.000247651522924015,0.000727093852408666,0.00112325036838549,0.00505132254277662,0.0165517267623506,0.0341047954452377,0.0321098461107492,0.0143781975383382,0.0377825168590313,0.0664510338724397,0.0235239074137224,0.0635492071488865,0.0443349480606076,0.0714616982809761,0.0299429044230984,0.0484692795940947,0.0200162511861267,0.0833136763066135,0.0404950136967029,0.0581433059877978,0.0243590028066992,0.0331533123756318,0.0316618835844533,0.0300390998758627,0.0224378935105421,0.0226259769351994,0.0130100248912205,0.0205525916959252,0.0112766108146882,0.00986038810734536,0.0135098970826597,0.00824042428065562,0.013816315348631,0.0101477690874373,0.00755635976980608,0.00433677761922034,0.00795648178784653,0.00427945652816807,0.00158847232659883,0.000945239127351524,0.00076615983490346,0.00027713703091711,0.000340341079879543,0.000290175512837626,0.000769991776028836,0.000251560720294708,0.000543539803990748
0.000293519016304016,0.000459173083274941,0.000269468656258771,0.000287629093834715,0.000377297103324951,0.000278460655481742,0.000176047144860411,0.000311205143304066,0.000594642409927613,0.000388062434235558,0.000242509907564975,0.000317462652191844,0.00012727571012133,0.000153488723614444,0.000287763173455097,0.000135799532774683,0.000294606170713662,0.000555144169524223,0.00116205538321311,0.00805221761575131,0.0285765720103643,0.0114069182800361,0.00865572287140136,0.0181240060509454,0.0194356230825886,0.00744351270154773,0.00575308962371276,0.00399858066494354,0.00621990504698907,0.00164020678872482,0.001276890253395,0.00177679841801006,0.00154364634851798,0.00207968389349947,0.00557062236469219,0.0324835430812705,0.0478366328599133,0.0426157362937301,0.0404924842841144,0.0454586956749101,0.104103504599943,0.103206109940755,0.0486409418408295,0.00784405085472384,0.0946617656935859,0.191013887802217,0.201978507580684,0.140133222226402,0.0863864825808955,0.0690569707772965,0.0952889434068524,0.0292240873664844,0.017272480638187,0.0184364214801398,0.0273742454691658,0.0190420390807904,0.0152396261682449,0.00935933141216547,0.0188103463458826,0.00342094906513526,0.00940696813362526,0.0092911585629222,0.00259741238796234,0.00135084535629619,0.00157648485673892,0.00137655595266391,0.000769294746493489,0.000843476296709402,0.000662013819157946,0.0008138479406027,0.000543012717277457,0.000274818692227279,0.000354863656321603,0.000575277974223132,0.00045207367948433,0.00140800982580596,0.00115659578401778,0.00312586163214756,0.0117613586180964,0.00775231675158841,0.0133478081805739,0.0129021743303571,0.0171225972929273,0.0173758716142687,0.0285427049900454,0.0202293581625845,0.0421033216593057,0.0131287464486463,0.0263395224108755,0.0286656146628227,0.0177948031315889,0.0375105887969365,0.0548945813055577,0.0551628165655385,0.0302341839003449,0.0276626642629276,0.0308881572081514,0.107717593388489,0.0184484486886129,0.0233596360750661,0.0286505429927325,0.0343597104638101,0.0143386393828945,0.00293547501807372,0.00665997852459685,0.00314326746632871,0.00259959258619147,0.00265040995134203,0.00433345451501559,0.00581641345272338,0.0010811043309798,0.000517498773652281,0.00127044231451742,0.000365854933537043,0.000545141820381123,0.000369190746760106,0.00034643140324406,0.000282379798316035,0.000178470116410897,0.000344054005484842
0.000428643962172787,0.000463977365631457,0.000614468514885342,0.000540576434471996,0.000220646017088707,0.000362000630147715,0.000406299995249858,0.000188834136209706,0.000884706965194128,0.000258131720617283,0.000244235311461654,0.000141656200468816,0.000289807673647096,0.000372941775531108,0.000223275526625337,0.000231263487576418,0.000447743860531433,0.000667778224789707,0.000581814396622011,0.00156598340922417,0.00790698466043395,0.0101961738391331,0.00309453571461981,0.0143155044097452,0.00371357752446877,0.00551748739886276,0.00226383098537832,0.00163012388742592,0.00164277978609167,0.00337527580322368,0.000959508277631971,0.000483527056552348,0.000895870570655417,0.000201068722938322,0.00506206105270729,0.0116654460845524,0.0265606555262263,0.0223346450394362,0.0198110602533668,0.00803610453487541,0.00955001383152929,0.0240556754001852,0.00811791862650941,0.00736416193101747,0.0601379868801922,0.141700819013934,0.162799589605619,0.0163167958434932,0.0421511438760853,0.0299501305998635,0.0601584003060965,0.0497492598656954,0.0297453104916914,0.0123595632236515,0.0143337510732118,0.00846738022492132,0.0113519313576053,0.00685237882572944,0.00417819862186704,0.00698643346746896,0.00750011451042565,0.00219682862116123,0.000720349057635944,0.00122058170523173,0.000960441106675325,0.000746874359193395,0.000637517458078015,0.000452555906605841,0.000559997505716254,0.000198029610733878,0.000241926341450511,0.000481682566645102,0.000177335007323063,0.000147054738969576,0.000662434105244475,0.000431676157538264,0.00100844314242581,0.0014402538005562,0.00380060860021915,0.00456293942379984,0.00398891704285658,0.00507606784390934,0.0155464755696562,0.01384559355985,0.022870397729713,0.00928401171271267,0.0211086581405284,0.0133520003398569,0.0144386564452544,0.0109923957251009,0.0157894292788483,0.0150014167626413,0.0213336976844242,0.015349047797741,0.00639984402805827,0.0203993460954907,0.017306531598921,0.0321059032852969,0.0157723401130263,0.0122468376755224,0.00816320999221495,0.00415155429689072,0.00442899753921437,0.00220314931082358,0.00108888991681906,0.00421211446126788,0.0014928959817913,0.00138930520760055,0.0015072873859319,0.00245377643846625,0.000862019002746904,0.000297814934684581,0.000621700230155695,0.000253898397318548,0.000446958147669007,0.000298257188118098,0.0002403184834581,0.000371346578224692,0.000377596710798105,0.000338997718544619
0.0006885701920924,0.00034700978029573,0.000382645868229781,0.000278813888696717,0.000498198967603254,0.000195089840391408,0.000160852820146955,8.11134101432978e-05,0.000602822720189237,0.000391353093231713,0.000178543178942306,0.000258847378363668,0.000385678547262043,0.000160011645711428,0.000199643625787061,0.000113983082533334,0.000419241639776794,0.000338785431996781,0.00103186720613828,0.00123210759370371,0.00110128414930372,0.00498022681253552,0.00285177779406491,0.00439710635715918,0.0037749257021556,0.00366969972863491,0.00245509294512652,0.00123730647253828,0.0028921539732027,0.00081528302111293,0.000893729177886251,0.000970445866233199,0.000520242730423478,0.00136837291646708,0.00174232923233849,0.00982116556983158,0.00522014577968688,0.00492760097648436,0.00415891810743149,0.00334189144806809,0.00343983934914969,0.00874333432348609,0.00284249833916097,0.00438848637312154,0.0326093496062044,0.0432614421468729,0.111190375113477,0.0731232451871782,0.0815080031037248,0.0418136540695161,0.0636980134884131,0.0350203236880918,0.0204225888120074,0.0202731225257116,0.0308260354404341,0.00630671005606901,0.0178347224823626,0.00883619905878989,0.00315764854326848,0.00695943037800911,0.00273826187455008,0.00457660468826967,0.00115689984225963,0.000937824319337606,0.00125077773479407,0.000551712204004287,0.0008673197187748,0.000946561486564239,0.000575819236763177,0.000812548834467023,0.000365627145757441,0.000403740834872599,0.000223377396069861,0.000112222733208535,0.000305477353775919,0.000474217397704834,0.000143777348641955,0.00122850230711931,0.00181050103139798,0.00246914211113933,0.00410030810186667,0.00449948312648401,0.0150569866620988,0.013623128099006,0.0154125986147299,0.00721295582746525,0.00887793176472245,0.00587623507580707,0.0193513775862641,0.0123045519382582,0.012012950665118,0.00846426230040832,0.00834920495441912,0.0113077777647261,0.0259289126347907,0.0106977125576459,0.00374387878342541,0.0271418941370618,0.0372691861535248,0.0169326249978484,0.0095584278548199,0.010242830610472,0.00346708897158252,0.00168935240424932,0.0031266295831973,0.00432039264786692,0.00146999885150283,0.00417593875377432,0.000747983215214034,0.000924291048575028,0.000878379816196514,0.000841445736789913,0.000488898894911965,0.000802203808228019,0.000440648790421599,0.000252642015097059,0.000271650162611132,0.000487265358858341,0.000315697024371689,0.000473934795223813
0.000382093402586873,0.000838623102564429,0.000404919491738288,0.000140029013348141,0.000133510755122036,0.000346940072596399,0.000626308280465522,0.000508967042762717,0.000458229187846965,0.000375754737036095,0.00022314982079344,0.000453184697271597,0.000383517274648445,0.000463037904428859,0.000297610388027097,0.000110684318153976,9.58936184036386e-05,0.000979862321194497,0.000487626425974249,0.00301526437527563,0.00114450669727905,0.00632834162485952,0.00419212304940332,0.0044510993841188,0.00560171727329252,0.0010672669580677,0.00390175482539664,0.00170353593852169,0.00155795525943633,0.00261645538908529,0.000662143932758913,0.000578964301049929,0.000383917935402416,0.000619519663627014,0.000627127794820511,0.00278950036270551,0.00165747451515854,0.000666338414916698,0.000596419859641661,0.000429168608052544,0.000488341065462274,0.0014124847489507,0.000853796349473143,0.00260322919627686,0.00536298646401738,0.0172081041511541,0.0227853706774144,0.0556259255380919,0.0189675154678725,0.073044740711372,0.0883986531512003,0.0868344258611602,0.0570351536415499,0.0543671719827332,0.0466427880073864,0.0262679222006518,0.0130371897816773,0.0206876160088413,0.0141619182302035,0.0137096966515352,0.00832731808755268,0.00482303170797755,0.00250372054344625,0.00300559567121929,0.000652673109665617,0.00107275549132395,0.000554277924491843,0.000566263531813561,0.00151768631877812,0.000327041585996772,0.000482295385103673,0.000845350516335993,0.000576347040223352,0.000495178439417701,0.000639958646562243,0.000642727592391485,0.000432459400616369,0.00211551531615218,0.00463489144543605,0.00714946081139584,0.0121099318851409,0.0208657710816768,0.0215292507383627,0.0315437723750991,0.016703651939926,0.0092879082311022,0.015814153714735,0.00703912739700204,0.011847516245938,0.0139562074537851,0.0181480701681116,0.0205545300590674,0.0189253386216575,0.0264698997677545,0.021030446914825,0.0241169209741413,0.0197369479513379,0.0241336873773902,0.0183304187150996,0.0148689712802138,0.0352242192553489,0.0176763813633809,0.0075074414384239,0.0127919642698928,0.00277806932013727,0.00244166004815896,0.00557121475201173,0.00538714358235343,0.00141492061553662,0.00440723359995933,0.00321796624981545,0.00090095588422162,0.00118782927371235,0.000480996291674156,0.00088987785451128,0.000816500552619353,0.000170370745172002,0.00134417430477568,0.000403471087639119,0.000547494572930822
0.0003387172713689,0.000823169319669946,0.00116554155494779,0.00020920314845546,0.000318078933267395,0.000805138524933681,0.000492748482721785,0.000218952372503209,0.000776696330166936,0.000781063283223127,0.000470530444187808,0.000423463602250997,0.000329430562591757,0.000734014729553971,0.000976535797203725,0.000198319001501811,0.000744187186066361,0.00101355522441463,0.000881776295045937,0.00332246014089871,0.00779587177630613,0.00555159029569359,0.00975182745962514,0.00722541537838334,0.0132750087317209,0.00520599147146415,0.00344706574408235,0.0131128789839584,0.00380180816570982,0.00587981588994877,0.00281032466068691,0.00331619018100819,0.00100936080791102,0.00155454877496847,0.00182083462315323,0.0031689656709958,0.000473471107987505,0.00157597265773619,0.00126359469292201,0.000738203421826519,0.00039507748791711,0.0015793862243821,0.000808393316492808,0.00035630128740466,0.000787385673010312,0.00859035249466154,0.0161728057232253,0.0415996620309725,0.0225167537769121,0.0368315523951267,0.0429774772607436,0.0729548882474899,0.0397975883599349,0.0815563773062052,0.0449015446529358,0.0379582977420684,0.018679302440858,0.030522257283242,0.00767655814384876,0.0042288675227404,0.0091047698509147,0.00494511252305167,0.00163098639155854,0.00272443648691554,0.00215327793097726,0.000798268008332959,0.00121344803153218,0.000379458533653305,0.000535462761684441,0.000604406050942527,0.00163088867362175,0.00147800750555476,0.00127102102301883,0.000420343615276888,0.00167321170940423,0.0012747534422188,0.000547183636196496,0.00255341106519115,0.00390649721614592,0.00715917091280132,0.0349701719066056,0.0126409831715056,0.030088710005972,0.02904609361074,0.0134285311130498,0.0191264415191333,0.0217882995522669,0.0256844126965895,0.0203171307515638,0.0337941208254574,0.0220605588201658,0.0131602612821774,0.0506331293033431,0.0434695028844773,0.0191994846482189,0.0179341350361661,0.0260087766069483,0.0354594837132801,0.00811695422131132,0.0398767321975301,0.0153569847972117,0.0128917597804476,0.011532855265221,0.00447925465955682,0.00241737253631623,0.0020547788472164,0.00890674291913186,0.00679462022148131,0.00154439717730495,0.00236193339102234,0.00310243184712633,0.00176293704498669,0.00290558525054991,0.000768266142347081,0.000480435888191865,0.00051720684237937,0.00141254147680589,0.000922963829128911,0.00056786081477558,0.000889168066410872
0.000323604031867156,0.00161906374526144,0.00118879178732811,0.000500423281015622,0.000656244704950265,0.000370843631725384,0.0019707094228049,0.000935698585223824,0.000349902232280478,0.000885387282782678,0.000382442266414141,0.0028429304456169,0.000135580277104727,0.00130996973437022,0.00212270557506196,0.000789582137708278,0.00102831802215301,0.00289218319818413,0.0027523110597256,0.00488537477772136,0.0173213888149543,0.0218498564446673,0.0317296243352217,0.0365591256334183,0.0407423521537972,0.0478020462787086,0.0510997125662471,0.0364296003974498,0.00507750866380472,0.0345104933752471,0.016904738137619,0.0116422362288183,0.00233171268496205,0.00545140126669267,0.00583476115212336,0.0102435838925704,0.00173102050303496,0.00128092796838566,0.00457781024121141,0.00211709948340703,0.00223794812438144,0.00096821597742573,0.000472313629166923,0.000594063415970339,0.00204490772997898,0.000867534364142442,0.00133143593156311,0.00930357318664047,0.00856763588859921,0.0256823614479953,0.0355498075532793,0.0235640605333729,0.0993793936388181,0.0495376426614003,0.0428703037707122,0.0189382131358367,0.0224621799257524,0.051553678094089,0.0374363356544491,0.00606616225050871,0.00723130368368551,0.0044072912770219,0.0107494054972178,0.00217100661443608,0.00583347149684392,0.00193548615636583,0.00221346815642275,0.000601806135495888,0.0017542443587533,0.00091619223609495,0.00183876352916481,0.00100777370737389,0.00037481980048946,0.000442506646788498,0.00140609601124725,0.00077148285100918,0.00198461176560833,0.000698121469354846,0.0041780452430472,0.00126910702984475,0.00447584471250635,0.00202135823988896,0.0157116111412913,0.00900963833117191,0.0154239225101387,0.00810758158122565,0.00867312706675108,0.00888344679992241,0.0066656442313605,0.0184190941698941,0.0310340859280503,0.00499572492331293,0.00863953734514182,0.0104481145576969,0.0117866671690594,0.0172182883277742,0.0104782319138224,0.00557818979069803,0.00448348145428989,0.00282908102015909,0.0050521867460283,0.00308897021740285,0.00298394895250953,0.0011644448217312,0.00100900684012075,0.0024305739029613,0.00134727995847409,0.00251051905348686,0.00113776278941072,0.00119919795430327,0.00203301306027944,0.00162389139200227,0.000626969363610031,0.0012042126060629,0.00146802671290986,0.000494827842268827,0.00109263938090644,0.00136260601544517,0.000612150652976654,0.000621158585296499
0.000263640914530579,0.00108541828465001,0.000338026462330123,0.00111927711244169,0.000462308402983601,0.000380372317614549,0.00163013090012178,0.00239272901387102,0.000587461447572759,0.00483063053202444,0.00629930389432773,0.00493431677786339,0.00399707111993041,0.00266763132719937,0.00152944836169625,0.00129688545182559,0.000741370395021423,0.00294465128436278,0.00371281954994304,0.0118089042736024,0.0205975305671671,0.0425222038088155,0.0297391204007624,0.0657411722963449,0.0170943515622321,0.0284255729537375,0.0508274795335398,0.0633146957133531,0.0343656367260501,0.0259799326612698,0.0307940863808187,0.0276805148231824,0.00270842803673893,0.00884360277687509,0.00226935036447823,0.00531733827026236,0.0018129713123913,0.00330629904234733,0.00228823933928225,0.00146659180740662,0.00223232071880064,0.000869257925988937,0.00225846946245734,0.000578456032404002,0.000643378189813773,0.00120060721313286,0.00260261125885391,0.00252405460652664,0.00429294685304466,0.0496492634904408,0.102392550693257,0.0212525635283627,0.0894177937463064,0.0665333599696975,0.02130418418749,0.0300027180114202,0.0163740062146665,0.0179249878517692,0.0516614087039271,0.0110061939063785,0.00972548687019416,0.0132434892183551,0.00683405897973846,0.00329438865320573,0.00508130418158151,0.00212485372692497,0.000724776380484666,0.00274432282970265,0.00119459129332842,0.000309477619027804,0.000952258077495864,0.000383069682940391,0.000575784587861513,0.000347247538158122,0.000679372067353161,0.000229080889126973,0.000584943848190817,0.000608258506123874,0.00132702970708229,0.00154860624523751,0.00121651835615775,0.00200419776309688,0.00353462089649797,0.00254982397739347,0.00433120645252801,0.0105516789318159,0.0106640908162869,0.00995671496756174,0.0181399202311768,0.0227852683484849,0.0114698707561602,0.00500257613165513,0.00341198108296078,0.00428081700018457,0.00620017650065068,0.00199738238939828,0.00166556947405482,0.00368949813756663,0.00688636422270895,0.00201245097254271,0.00160000235994151,0.00149913702542612,0.00118954350227548,0.000845963604211776,0.000257336801798233,0.000915925810278451,0.00154718600027832,0.000461935034976353,0.0014291596495517,0.000566754916009866,0.00167546758605998,0.0011861987712175,0.000492918230209799,0.000588027725928425,0.000725000761766363,0.000362316537753982,0.000587163809279451,0.000567265716753456,0.000376887612788188,0.000291509893346035
0.000509900612065271,0.000116472825799416,0.000792107225449522,0.000606081937615973,0.000143308254637857,0.000429120825690417,0.00144131639242531,0.00156568642808055,0.00231842407671987,0.0030085083210896,0.00428810952617911,0.00123777747739664,0.00117930015483191,0.00209107169823974,0.00119189274315437,0.000106959177703381,0.000913577891455274,0.00111489124134631,0.00197829038552154,0.0122864850057871,0.0171565747489222,0.0496826333839186,0.0565543397031971,0.0666771307794213,0.0277208427266914,0.0326576506789775,0.0592599590593077,0.0500980159586697,0.0134598570245611,0.0317496846042867,0.0362936158804869,0.0210490999304263,0.0121912614690744,0.00830526368628561,0.00657669305922455,0.00690754745784873,0.00696429731510841,0.00201557343224804,0.00197973859280921,0.00137997262431405,0.0031235031723676,0.000539866349265262,0.000661644294102887,0.000537448753410078,0.00105573680621438,0.00156575072647943,0.0014711142665611,0.00553306734048835,0.0172940731362901,0.0270574608789194,0.100595594938331,0.0501758872946168,0.0432852519296334,0.0320364408081107,0.014148942867187,0.0294133398368971,0.0439309011926113,0.00493841748673853,0.0181054670634481,0.00801221286593658,0.00385035513697483,0.0089432846810703,0.0285251612756122,0.0269593391845835,0.00899047019790013,0.00211508801381368,0.00170474416512877,0.00689791325348385,0.00265902733919303,0.000357454590980546,0.00154322954820961,0.000701939586363337,0.000961939908175611,0.002057719382117,0.000281933854255199,0.000464103869221012,0.000571084217310496,0.000671484926517761,0.00131829047495256,0.00181648789940906,0.0040998185099671,0.00889795047296535,0.0133270745977452,0.0147363243671053,0.00952649849440064,0.0182289270079099,0.0186867971041612,0.0141974179225639,0.0284413526380952,0.0376780066733356,0.0203647961193852,0.0110431626049004,0.0237721345222729,0.00750758529723718,0.00927027093094922,0.0121815620884452,0.00866946910205517,0.00728391458855138,0.0128009951572276,0.0205719086318791,0.00255738639919303,0.00356272112437633,0.00568627451212118,0.002026351268616,0.00164640304419593,0.00129457971119347,0.00224733739446825,0.0014646841481404,0.00164923397319912,0.00130780865739281,0.00126726593719487,0.000687392975947499,0.000416746553863296,0.000523378681027472,0.000395409669591626,0.000491259541066044,0.000328002580686295,0.000341643819076494,0.00052772073434496,0.000118684314195777
0.000430853171296632,0.000229409216644814,0.0009693960236646,0.00116775814316699,0.000694142324529727,0.00142031725276169,0.00138402788192095,0.000592567348523459,0.00103305197371484,0.00135704431750118,0.00112329887310064,0.001779121262095,0.000741700526547084,0.000425799613381724,0.000902846137732048,0.000204953074854398,0.0010703229893233,0.000608198923167837,0.00287934482935384,0.00521462869917503,0.013315752847933,0.0198348223569522,0.0247380865447157,0.0291354075639292,0.0296994489934896,0.0300173974256906,0.0201527528610848,0.0474599395436377,0.0467156655642328,0.00454764898008374,0.012482254355139,0.0036879865767558,0.0207130818475844,0.00836058581866713,0.00306109434477563,0.0154277263362764,0.000804337649884959,0.0039756024080759,0.00150730919776665,0.00106243739577092,0.00272161335075577,0.00212763883395029,0.000427167149522437,0.00113593641337994,0.000670176581416892,0.00122757145399456,0.00461432697890189,0.0180952930307392,0.0217028652671467,0.0490805103863821,0.111200157811951,0.0701065580576784,0.0840505096449857,0.043604797465609,0.0669074056158628,0.048084679366834,0.0494881394740931,0.0257799384222657,0.0113521125664266,0.0172925323455823,0.0291879757559925,0.040858504611214,0.0400578644002655,0.00823674382100068,0.0279423085924657,0.00480620364772901,0.00499682595043835,0.00421579937847749,0.00344695424604378,0.00158587170142939,0.00298387476467084,0.000678648495656724,0.00180075470879972,0.00243311183732128,0.000718841837371127,0.00101495787657151,0.000381300908559228,0.000472302936101863,0.000588754836005443,0.00439830547559176,0.00460736047130361,0.00454275372380345,0.00169181610797779,0.00809961763023258,0.00880767073921688,0.00558952006717329,0.0111392851994632,0.0109100571320619,0.0113915724090313,0.0100908634280234,0.00598283065528151,0.00800276422158817,0.00784793716302205,0.00997694944131241,0.00822147435244197,0.004914442124812,0.00742757682836504,0.00485271142640492,0.00453533562158572,0.00544161335071726,0.00256110108367046,0.00313647434969909,0.00160243403343759,0.00179052712260037,0.00188663337351287,0.00110189198138996,0.000904557891769531,0.000775633791051401,0.00223501872739767,0.00167493502812042,0.00085214904848226,0.00107563734351453,0.00142132287012634,0.00052905524857966,0.0001183003811535,0.000295760462401176,0.000460364523083137,0.00072004356229203,0.000456799440616642,0.000788274422364769
0.00163270985677645,0.000369266050507824,0.000649516290286215,0.00234584244032035,0.00108702220114237,0.00068574749608481,0.00264701026591689,0.00111433394812338,0.000752082116421196,0.000497130995214074,0.0012992508989721,0.00152148935929506,0.00106699431873565,0.000350189193650899,0.00175022907849434,0.000637144380040962,0.00113009989024867,0.00069681000646807,0.00137961034752861,0.00155573558621419,0.00518864972033446,0.00562160751381069,0.018759053756431,0.029158716530122,0.0277914402759498,0.017807993247467,0.0238135041912059,0.0200143271704679,0.00967409856899358,0.00430665292026725,0.0016641690657186,0.00150134056274543,0.00118399571713073,0.00202631490648293,0.00195357951626788,0.0031406252508517,0.00153920799846392,0.000636654561638631,0.00252488895826416,0.000777080449220927,0.00130105173608025,0.000450376180787244,0.00166039693563349,0.000795983064347982,0.00274812830212879,0.000785586423375719,0.0045452545610541,0.00299279943750551,0.0137669878692389,0.0182695942790072,0.0185291244696893,0.0538461713988121,0.0488633780616897,0.0224056265362377,0.0269094555202739,0.0328183409014167,0.0258116533130641,0.0115529553229868,0.0133553880643422,0.019584596682189,0.00899403173393425,0.0344287308498412,0.0201573045059526,0.00805700029997487,0.0274416266332953,0.00694812071908765,0.00425527273194884,0.00562426707445118,0.00566889128460155,0.00252983519852445,0.00162452509602206,0.00173238392406851,0.000759929873868927,0.000869891214750132,0.000806644457736703,0.0014449127716539,0.00177165802694045,0.00074386727692729,0.00172453511039581,0.0012594521137572,0.00102931136368334,0.00161562891706972,0.000713735400966899,0.00299638473379908,0.00310138971465302,0.00185266549504647,0.00222254316382766,0.000933945500732941,0.00125937384721344,0.000898596823482122,0.00079916005780054,0.00183934910662114,0.00149243332042335,0.00186883654334223,0.000658363328702945,0.00181198228912968,0.00185269577642912,0.00509165760646399,0.00166455089663884,0.000829790881926825,0.000514377117138428,0.000814250886887942,0.000331951450214823,0.000586001770788189,0.000641116348685529,0.00107879583588038,0.000629303888690796,0.00199293353816766,0.00133165982235319,0.00323228356774567,0.000323212782939573,0.000265253847365788,0.000575388468654005,0.00138977548483602,0.00107902093923561,0.000506202450092726,0.00142660918948939,0.00066664433070587,0.000540252498983323,0.000425550424274381
0.000344587824265854,0.000825162614247928,0.000737380372841199,0.00180073467247589,0.00171677337010788,0.0020403142085011,0.00139083777663227,0.00400405132602621,0.000787540160615549,0.00144304236394502,0.0016761752576519,0.00179448849485621,0.000630672973308271,0.00138550393226191,0.00091376036035424,0.000893068934031066,0.00300943829128862,0.00115900608834647,0.00212275663999115,0.00102953968103359,0.00510217513766753,0.0045969762038552,0.00714474774567558,0.0209155061767708,0.00476850237508867,0.00914566289129948,0.0155235853007581,0.00621270925703236,0.00909505223408077,0.00300229286654555,0.00184872453948895,0.00304839122818112,0.0019007103468069,0.00127568856823501,0.00144802159971919,0.00644051254408609,0.00322866068382182,0.00495524303387884,0.00940606924473409,0.00121950748295625,0.00561067970307695,0.00185953506803412,0.00330104631558197,0.00493948910842568,0.00694192024917681,0.00763100979370687,0.00465155966691903,0.00480263623014002,0.00827469390469183,0.00601228514858333,0.00361792760521862,0.0246306020768169,0.00246661597410604,0.0129463359617461,0.00701883810442483,0.00648783127247964,0.00295554196912151,0.00357330046458051,0.00482816341251122,0.00146329275215781,0.00362187672918708,0.00998660823560305,0.0050132944697555,0.00426130667993384,0.0128399118960573,0.00492724171698312,0.00421267336139368,0.00476435556051498,0.00348826678150939,0.00226717811185904,0.00429957338989596,0.00313657970020549,0.00309240749231348,0.00196012208149848,0.000581353523269135,0.00174100482511346,0.000817004649397449,0.00109907086437258,0.000420223029491562,0.00407613506840613,0.00273219123955116,0.000782081349403086,0.00143770847304704,0.00289972752591927,0.00169151293270511,0.00142609129662228,0.00196548918280429,0.000987048442611178,0.00288307559035508,0.00298634778261389,0.0025155383112899,0.000620558599299951,0.00226774895768453,0.00159874429692613,0.00185682198323801,0.00257847358281006,0.000813569779442591,0.00161596751046898,0.00105449306972853,0.000463572946305646,0.000746881621058325,0.00235397556161146,0.00109323674300674,0.00065475546565677,0.00163001129407983,0.0013440724030219,0.00110868279332946,0.00113697848109273,0.000908284752081017,0.00273612586581706,0.00239856507386055,0.00189511229701957,0.00204137365081691,0.00227617816287619,0.002361077838392,0.0010218719783242,0.00210712465715763,0.00271667154345175,0.001524509759129,0.000789289549079444
0.000620140697257428,0.000505753570771003,0.000419345035101679,0.00172468232695781,0.00181841420085732,0.00087111346001756,0.000501232535128749,0.00308863104277629,0.000566763097957795,0.000535590690781781,0.00103391304448822,0.00042543976993634,0.000224191903714855,0.000950106479268734,0.000733135317538075,0.000304581703979871,0.00133596086340783,0.000292004896412234,0.00027625523004984,0.000519666180294844,0.00105448111027151,0.000999771033558167,0.00180745025356891,0.00253075818543054,0.0022984407254154,0.00141308820465195,0.00192036149204922,0.000294121803970784,0.00168351874082974,0.000729324149796416,0.000847888061871792,0.00043720614422268,0.00110623525963521,0.000330409111586357,0.000762333949954587,0.00121505201314486,0.00163314131471565,0.00299715100845523,0.00188113038661336,0.00153137349775975,0.00221007024985972,0.00237995117059136,0.00496354197009685,0.00641312000410519,0.00438040167674297,0.0090382831432447,0.0104545192168444,0.00953612305596197,0.0259973491464847,0.0236536572836953,0.0172995152721446,0.00849705975155904,0.0107267588385229,0.00211510875135588,0.00826529270439587,0.00425822984289209,0.00131185778421611,0.00354596816576126,0.00388373726088321,0.00233174153484864,0.00377039895693872,0.0038443192706474,0.0111580330366294,0.00350246235280422,0.00646272796343614,0.00543164036249954,0.00990724552850599,0.0119128698919079,0.00751924957044612,0.00666555843599998,0.00831119666819507,0.00491965799200532,0.00466926379451258,0.00117292598440338,0.000821529169450004,0.00240249830776196,0.00100288743851394,0.000505986028501681,0.000922127687820842,0.00134857808005527,0.00176498669174214,0.00212207621659533,0.00106873008554038,0.000990534412836083,0.00124183317706,0.000608003496112034,0.0014596010255135,0.0022166345149754,0.000335092183716949,0.00216547904067884,0.0010170757507876,0.000841355723520864,0.00171952307029348,0.000287773353548369,0.00136426175798318,0.000786995482418919,0.00091800831943661,0.000947816068873045,0.00118876729180151,0.0010491253870745,0.000851593240423993,0.0018907531495569,0.00111997271823608,0.000387211417078222,0.000577287192594653,0.000489501295921364,0.00200879287809432,0.000500431069642712,0.000807009690801942,0.00091829670308581,0.00108593031798264,0.00207733416390828,0.00153590797714984,0.000823460379201615,0.00036121572028331,0.00121750654512776,0.00129748094424088,0.000667414072430876,0.00214919006404655,0.0011216275999634
0.000587097902326633,0.000463584993896179,0.000876441114860945,0.00145195067528262,0.000561710255811009,0.000214119457158788,0.00103128455101471,0.00148792117189802,0.000266092975218255,0.000341877569785667,0.000343637375206051,0.000153765522737865,0.000100068127265945,0.00077732074794643,0.000233493893244511,0.000209051279102794,0.000603590466241425,0.000350560471760444,0.000396104050683263,0.000220870985065432,0.00073245723275635,0.000427337932435199,0.000259519381451826,0.000258425091245312,0.000348087046629524,0.000918377405070257,0.000533589516584367,9.81544021895369e-05,0.000624417435393199,0.000383921800278232,0.000413871636818676,0.000216939968723733,0.00055186896033972,0.000408446534746021,0.0001736884238941,0.00033617954470693,0.000882381829447874,0.000419674411697642,0.000884971990077362,0.000477009635279495,0.00113655519357587,0.000363649402525177,0.00178619967592026,0.000534053695775663,0.00138935850186779,0.00208481762872198,0.00187055040628153,0.0012551877613408,0.00490059163306292,0.00856810378452364,0.00718718880465348,0.00699013138541732,0.0044639815389781,0.00264915166262764,0.000898978807385225,0.000875864926954675,0.000444972559572475,0.00226095855620851,0.00136790308149592,0.00235571693166434,0.00364155693879782,0.00900653259756999,0.00701896224609094,0.0187239871171431,0.0135770755617605,0.00876329535657185,0.0151029014890231,0.0168366850932068,0.00937149024125357,0.0441486155848997,0.0146613500852259,0.0260721889996683,0.00443156806490903,0.00357751246316018,0.0025141117317683,0.00336811816252317,0.00177491806575577,0.0037988525954651,0.00118335572674981,0.0016560523888634,0.000644694920505228,0.00115498947999924,0.00108622466741157,0.000803651408273983,0.00152736272144257,0.000598799266279766,0.000595765461223356,0.000470840951805366,0.000400898440403017,0.000382975707303034,0.000344210431734074,0.000214961454272489,0.000660465231401534,0.000540315948761938,0.000669452705652509,0.00027773515750288,0.000801336554364173,0.000796500867842479,0.000936198130024257,0.00108179819126748,0.000660360982843741,0.00124850280484391,0.000688787765205778,0.000265346671974891,0.000441329127201343,0.000791769492694752,0.000559648746778038,0.000845711559322772,0.00103636978316137,0.000327657097318076,0.00029569628044323,0.00181452078803745,0.000595804641898491,0.000823095584758056,0.000541918866597624,0.00123353759837226,0.00110573895190848,0.000199990982178718,0.000605344317039774,0.00045755159941447
0.000136284295350622,0.000417640417794116,0.000214606130631382,0.000477995965673549,0.000489278632339265,0.000399392067453752,0.000436064078674487,0.000412066335153568,0.000420511914059122,0.000571620640033417,0.00029619481199937,0.000547866180759557,0.000141893918505961,0.000263860924607299,0.00019280748221137,0.000243061100703755,0.000588883502578463,0.000255387855013702,0.000332377785406876,0.000146617512039207,0.000300315265866435,0.000420266303262506,0.000596004687101512,0.00075315886113511,0.000383663897984478,0.00137645961325096,0.00172375173149002,0.00264744032484062,0.000366046839243539,0.000510832667871693,0.000329977601794349,0.00079534395707306,0.000585829542255162,0.000709339365092736,0.00019676564852182,0.000717208619305785,0.000699422599489862,0.000523903116868981,0.000481461750590987,0.000534761765627513,0.000898655493698174,0.000433825010522582,0.000966984520084734,0.000265507419978389,0.000299602399781514,0.00172462359605217,0.00595332967950969,0.00383533651641484,0.00718255953473216,0.0122595428928103,0.058219424732101,0.0270208270687308,0.0162801333731626,0.0143521760427899,0.00574697235456729,0.00428411752388865,0.00538515439770409,0.00520809505265392,0.00596507842245012,0.00646677157560175,0.00465109456285964,0.00543191840056576,0.00275022265542691,0.011748018292903,0.0300140270099803,0.00659913840318619,0.0442748748260236,0.0391614624678736,0.020793953876075,0.0533318766970443,0.041511079399173,0.0417447068495446,0.0166802480643945,0.0132116272981724,0.0215959719140344,0.00526561984967142,0.0107236073059811,0.00387455676492342,0.00438676893603966,0.0065734390777839,0.00302525573982196,0.00133023803528586,0.00148926806505443,0.00149025864736523,0.00395824320173307,0.00219068238173403,0.00205862488991781,0.00150267534096576,0.00159300635790298,0.000491520884620147,0.00122575229042438,0.000715853254126392,0.000242350329438103,0.000344977377310839,0.000768283011973331,0.000342133460959516,0.00055330736808431,0.000264889347193457,0.000315562501707456,0.000469328547311458,0.000372653671437514,0.000875146098221121,0.0005167940310136,0.000340839321722145,0.000226433122797963,0.000227147050758932,0.000486050524643995,0.000446982234485677,0.000536784641408686,0.000387766272193181,0.000329766383943561,0.000818400548030809,0.000370882805965257,0.000245223575906179,0.000351215712058681,0.000397300216496974,0.000378087625821311,0.000282842013919819,0.000128647737508886,0.000709399476272074
0.000166400608018348,0.000509630216053032,0.000338522288402579,0.000493116997756089,8.80860726906106e-05,0.000320742280176809,0.000161348383205997,0.000617352552411133,0.000270915751095158,0.000475501091273985,0.000340624977630002,0.000258351735100183,0.000261321701365663,0.000228726236708094,0.000261090457607873,0.000221830699678202,0.000417285878361031,0.000488600768074172,0.000621372173788325,0.00058391464080587,0.0018845961717455,0.00157321131985659,0.00551122324022961,0.00148395586411498,0.0047611008474894,0.00461125214777877,0.00510229742896482,0.00396091845781901,0.00286008101788559,0.00223928566235571,0.00278276675505608,0.00187376971638473,0.000540560261896748,0.00106381861200714,0.000912357912577997,0.00132084656280815,0.000393734011160141,0.000564869154051913,0.000431447619174405,0.00145710414376005,0.000466694474971834,0.000561521756883541,0.000306557377125739,0.000638386611177124,0.00180358910485923,0.00173404861923049,0.00714447366876184,0.0110826453298229,0.00448711865225347,0.00436794481290418,0.0122781087361575,0.0258636808952715,0.0121359045503287,0.00677108591823168,0.00415239493863651,0.00512272182680095,0.00485337687794766,0.00582571727218749,0.000435267236148764,0.0035113639451889,0.00858102533777311,0.00570786179201317,0.0187949260588689,0.0266705625096827,0.0287561998876635,0.0289268973493718,0.0440663799861062,0.0484961082404276,0.0352973594198374,0.0256206409302793,0.0248858919092484,0.0419512989203912,0.0164581763539796,0.0177456031870573,0.0156243294369915,0.00682980493419533,0.00589489068615288,0.00108817600612989,0.00454421976779665,0.00577145845780717,0.00283391031396852,0.00450673394339089,0.00519359857804461,0.00548658253286478,0.00196462945853474,0.00259805262886365,0.00173591080874034,0.00161405339825801,0.00210075815370581,0.00066634645840775,0.0026046685846947,0.00176767204923828,0.00173091471867192,0.000504630725487045,0.00213748469583097,0.00379876801380311,0.00359750607303953,0.00310428231641839,0.00391866528892855,0.000879928755542726,0.00292557831275003,0.00076637773946213,0.00151368521137912,0.00148036632943014,0.000181550962705953,0.000414453957509833,0.000549491049448315,0.000456319877867525,0.000761387109868634,0.000351843087916557,0.000346546908482539,0.000240787050924895,0.000439382272711714,0.000247684264129474,0.000408890391463799,0.000245721635707263,0.00043609687220026,0.000226797217826993,0.000180911948741279,0.000200930598484573
0.000331875919438863,0.000373933733728398,0.000170318128848002,0.000591341069096883,0.000362702872264547,0.000132634922005308,0.000305206837566773,0.000294639199352167,0.000133814341939033,0.000251436014542439,6.24601281296448e-05,9.04688817305583e-05,9.11825251020342e-05,0.000257858548774218,0.000246463873447136,0.000153513742843182,0.000671990532324024,0.000534388667800296,0.000195551785956147,0.000447564349498618,0.000365149292813623,0.000577852683354186,0.000799030595887132,0.000742554551811822,0.0012180975985395,0.000244195875131614,0.000948819095392893,0.00116770480622173,0.000911627956252097,0.000384687133138465,0.00051702404669932,0.000320065090539979,0.000246576571684531,0.000179112304145282,0.000313320142264415,0.000239473866480103,0.000290676503671151,0.000456845137238754,0.000686433833620195,0.000646120917303496,0.000407688323091285,0.000362864306794587,0.000239452913655469,0.000403144715498933,0.000817992486915028,0.00132769061802473,0.000324162390769016,0.0014540574078667,0.00233714156083875,0.00568175259584962,0.0284189745941285,0.00442641462699841,0.00408952268806188,0.00719231865647961,0.00774535192751484,0.00255923080846567,0.00261008426763251,0.00198430193781967,0.00171413598651143,0.0050583969522148,0.00589925075384584,0.0104360216059574,0.00565334111104276,0.0205076835475742,0.010936443797069,0.0139941986333493,0.0782333941009711,0.0252069071482254,0.0149565642754356,0.0247662647659589,0.0445482862582841,0.0141422840865269,0.012412060798695,0.00970009948019601,0.00511594129260194,0.00676006279113113,0.00278926913197131,0.00127630282822176,0.00121807908733804,0.00230346783041812,0.0010033108761497,0.000856508881863366,0.000595395050425601,0.00359567434206305,0.00362066395188916,0.0014613714304088,0.00370570662786243,0.00208205580247462,0.00147093650723909,0.00102461643834157,0.000320163769480516,0.000487303740065044,0.000607614153601564,0.00137157923439607,0.000838507447782344,0.000783620939927432,0.00226469590701108,0.00165150264248366,0.000765908592156755,0.000467759818302675,0.000934252921955031,0.000280260477144557,0.000547446272729818,0.000438718258715691,0.000530209073881652,0.000441897155010338,0.0006929811858431,0.000358784627261637,0.000440600912642181,0.0001957409202722,0.000843559326511327,0.000265730795466666,0.000188457471912203,0.000184572657881901,0.000171201284881817,0.000238640272564048,0.00016611340512422,0.000298729989279952,0.000280376966751247,0.000139856240563193
0.000281844476647346,0.000179144320358119,0.000281832610751199,0.000544550337247607,0.000532640860677139,7.56822226906723e-05,0.000324612933769721,0.000244341613250101,9.31194090919385e-05,0.000100255894433985,0.000156835278969625,0.000201869481345456,0.00010587966983302,0.000122114725232514,0.00024821553616571,0.000270083389943198,0.000428719285458064,0.00036141105688648,0.000243642506207147,0.000246998637784269,0.000774511069558087,0.00087284855648374,0.000689971337582357,0.000886633060777796,0.00072166220841453,0.000851500720623606,0.00215316981890715,0.00103616261169734,0.00160428158094714,0.000480088066473192,0.00052884419863253,0.000534393829589288,0.000271145263592867,0.000230346865450613,0.000565908071123804,0.000870754406366119,0.000389067187441146,0.00117757095686213,0.000416080063157462,0.000173212960262829,0.00033020756199396,0.000398023294271019,0.000156504117351296,0.000202928225565097,0.000753076159027941,0.000714096050235029,0.00142300221462096,0.00153192576981196,0.00147698108543258,0.00473214534647573,0.00601196774673698,0.00243281513904487,0.00224475296041477,0.00426957727453053,0.00323582552487528,0.000590294358187044,0.00228242187544388,0.00112222470842168,0.0019045807636629,0.00189374122394649,0.00291065324733534,0.00270609205347714,0.00839156331378157,0.00884946674156996,0.0211388952178723,0.0237757356726217,0.0322567301255236,0.0184116776662825,0.0234428804722626,0.0221139941711212,0.00909027644983821,0.0217620934352534,0.0123359406637463,0.00456359465929886,0.00434304853922787,0.00184753284878917,0.00563249677843713,0.00371090638865799,0.00152400373721684,0.00261214478212531,0.00088412260819361,0.00132899909925846,0.000576664373935639,0.000628354730506299,0.000205384888751144,0.00120463096395178,0.000539348275445738,0.000605799895566111,0.000354845668046716,5.34448734684655e-05,0.000319251750025119,0.00054473742597218,0.000516464571221658,0.000539368400137788,9.90520972239302e-05,0.000143777178374608,0.000405061870246025,0.00096190868219226,0.000321562336627799,0.000323245403522571,0.000257299718195032,0.000481233663760435,0.000204311771262195,0.000246017381505962,0.000258687344612983,0.000166799617189687,0.000435782672602001,0.000348670453292976,0.000209748684911905,0.000274525169336353,0.000169955825321163,0.000142941429869435,0.000105702113879644,0.000186758499974673,4.7247796862233e-05,0.000118895516212378,0.000191248130913568,0.000249083313511012,0.000172024019040133,0.000137957964341593
0.00021366253051974,0.000215620372960053,8.62886580174625e-05,0.000107091322015942,0.000143382086736543,5.68756775230379e-05,0.000133542076901884,0.000123222794184184,7.33102799306096e-05,0.000191321048962512,0.000185544548546572,0.000187397792727911,0.00023298792033825,0.000208363115080618,0.000287634410660547,0.000111715987302509,0.000198443037953612,0.000165904881129263,0.000181963023936637,6.67279671999526e-05,0.000198904606477087,0.000284416503199245,0.000733007400840525,0.00109840087163794,0.000392187545435308,0.000237621727867073,0.000297717055284875,0.00114996343332162,0.000745896013354053,0.000282290546851077,0.000200285484217376,0.00018988925490038,0.000305343113482675,0.000331618463225331,0.000259138628246242,0.000316215008991187,0.000110601000352368,0.000279441750582148,0.000289095005762486,0.000109924083346173,0.000191197619064904,0.000402481005496204,0.000162069586783342,5.07437094588095e-05,0.000333496729075931,7.49246772622811e-05,0.000879573352984494,0.000129479466993097,0.00060300429730395,0.0111630626694207,0.00770207109112828,0.00151475444929322,0.00224256619238806,0.000651712759298654,0.00153130248519148,0.000389548288930897,0.000675062510030436,0.000666387656971135,0.00140468078274311,0.00115662406241069,0.00164333147742986,0.00519364464612268,0.010387660961663,0.00896126676330237,0.00897072563263281,0.0250984436515904,0.0525939609405564,0.0350013379812471,0.0262160448886236,0.0355776811367469,0.0265789669593548,0.0108710892074099,0.00787624914412685,0.0133552869614462,0.00312316546607431,0.00290252088713408,0.00323822083788126,0.00359196459143748,0.00170287186604953,0.00029479708069266,0.000979762586857934,0.000742055463903065,0.000436754450883107,0.00096739266488261,0.000405240441465607,0.000249773059755058,9.24436727492653e-05,0.000162587697883236,0.000115197441207355,0.000302053850928386,0.000268434370721802,0.000106895654050225,0.000157385560772457,0.000187083045778855,0.000324865921186683,0.000178869052851549,0.000184915632099669,0.00058573636471652,0.000370325384415852,6.61269832913789e-05,8.10484888444965e-05,8.51661761228223e-05,0.000173240919778542,0.000236445441516043,0.000174274839866221,0.000301626743629285,0.000471770733694819,0.000110784872517947,0.000546295512078227,0.000119121952775157,0.000370987312579426,0.00010469504488383,0.000234303800870654,0.000107660137749875,0.000211021491307806,0.000132466259477371,0.00021598791547738,0.000237058566406666,0.000125161529062035,0.00017270359494969
0.000188593220813313,3.29077774566318e-05,0.000153229377677557,0.000176023382940794,0.000118107914974697,9.45803227200646e-05,0.000172832232452865,7.27779340679413e-05,0.000126175862306075,4.52944392084578e-05,5.6068294667742e-05,3.29580941994955e-05,0.000125091357767366,5.19723263395899e-05,0.000142839327554994,5.6206226238445e-05,5.24924011879057e-05,3.90523863163167e-05,6.87628536566754e-05,0.000108877193364166,0.000193216635868675,0.000228322331669892,0.000142066276737275,4.35173462073349e-05,4.45680056825861e-05,3.06511718184963e-05,3.08780584874198e-05,0.000171987626544105,1.56991081015281e-05,4.40077426511351e-05,6.58305653842785e-05,6.67601880333821e-05,8.78131596968904e-05,8.74897711257435e-05,3.56329386294509e-05,7.47937267304025e-05,0.000117546160459367,0.000142620177417978,0.000280466939666895,0.00028194570229702,0.000108640411272038,4.79001105726693e-05,0.000213212972824553,0.000142638740473218,0.000108066411125443,4.98679961455128e-05,0.000190828654318289,0.000102131483120287,0.000220901154468899,0.000720690292791282,0.000300608757415536,0.000466730759822545,0.000146158102850791,0.000481177187487952,0.000637534686885882,0.000578448573549577,0.000661166424273446,0.000507032959318269,0.000612316443722669,0.00110659911968516,0.002231883664984,0.00150898458371349,0.00520071527800541,0.00742117037366414,0.00468976597764654,0.0103761058890536,0.00649396127336462,0.0385189585361488,0.0361544982257407,0.0232369527888923,0.00829117620413135,0.0239218543335292,0.0105517131618613,0.00385858483764797,0.00187709799988435,0.00218670755402525,0.00390509628144532,0.00049901094095742,0.00136420394620465,0.000221940295527294,0.000784498860718035,0.000355424087974998,0.000566832868878139,0.000106819749852479,0.000264409718345376,8.09442206345098e-05,0.000294902289343897,0.000112985506218252,0.00019953847912802,0.000178914717968173,0.000245388463134045,0.000161684903910545,0.000117573012297026,0.000169280871619935,5.44084580217109e-05,2.77218700884562e-05,0.000289367212007392,0.000147303002556989,0.000161515794634445,0.0001067199367976,0.000110544026150754,6.05444243144896e-05,0.000152732694366122,0.000101830686430337,4.16423975094509e-05,0.000221893375835289,0.000220011676687595,7.04821803162818e-05,0.000186676518415555,6.05861821780858e-05,9.91287979011776e-05,0.000122810020723646,7.78870531364673e-05,5.02523915370538e-05,0.000132869407931784,4.28194314475321e-05,5.48756489397934e-05,8.68539212972185e-05,7.52447898878633e-05,8.99483154664612e-05
0.000750917118621722,0.00129226865392638,0.00371517308375676,0.00254505301794716,0.00562532671829055,0.0801093384883458,0.261542932533853,0.33972959221406,0.311336865435266,0.191607260632064,0.267744675232039,0.221445767242307,0.152503403129984,0.0930432587614698,0.104042020397314,0.0777342755893475,0.0149827488521887,0.0190760558086946,0.0278863343535381,0.156683418510507,0.357167107922715,0.463845816780584,0.393146128239971,0.272686107989259,0.210924801940358,0.151554755768907,0.0830917818211938,0.0564411976188368,0.0186151057714936,0.00951063738201758,0.0272154030914494,0.022772483891125,0.0534490894105837,0.0220287971895529,0.0172664221267446,0.0325027943322731,0.0592317603630202,0.0590748079003481,0.0672405084585382,0.06762123794144,0.0819488741362046,0.0788454437490723,0.0977663705698239,0.0981042916821776,0.112253515293546,0.111321789045382,0.125300926154979,0.106408128764536,0.091173405064818,0.0738543674992935,0.0786204112101226,0.141685725609255,0.131994694729514,0.150871274338617,0.197040754304272,0.241275948660373,0.220848171479946,0.140142986050281,0.0676474929289638,0.0952159319068205,0.135377693870252,0.0799790127290818,0.0193451270999213,0.020618078840264,0.0273714527376894,0.0284435080264108,0.00693584332786505,0.00504306031987978,0.00572149427176479,0.00915253675291838,0.00258094543865359,0.00483936507959837,0.00473105912643161,0.00123247988288472,0.00591862636568267,0.00441928345388993,0.0170281843542015,0.092876245681763,0.179545091560405,0.112439842948845,0.0516254460250049,0.102073670941874,0.125161633947232,0.0462420958197959,0.0705373528912002,0.0964804112240327,0.0765093219505979,0.036761222987736,0.0687955637036885,0.0757017447710295,0.058365397048847,0.066567096895823,0.0815728024748459,0.118615289448029,0.122570829914844,0.0936189950015538,0.0994153670853653,0.103918395719459,0.107381871710367,0.0833987420570973,0.0556288552216394,0.00968561178998366,0.0418726194430369,0.0149553341869485,0.157724711690963,0.278376851780517,0.436177731155714,0.274841381534521,0.287238540901367,0.227600538511153,0.176942284656857,0.113081885474363,0.0494071822802932,0.0497985551243566,0.0503915346547902,0.0319046176439318,0.00513071451561809,0.00391062981566332,0.010019778852657,0.0054605635221462
0.000244321652902358,0.00241648531583452,0.00388146124704989,0.00605045237241259,0.013817786537828,0.0429999248970999,0.102678182362007,0.0709722684926277,0.111598113861845,0.0615975051716589,0.0731316062442118,0.0432043247675287,0.0262171305091668,0.024976289224246,0.0459662914499252,0.0404667230098241,0.0436633860966738,0.0289090244724716,0.0476699200479794,0.0447210753752932,0.129769080488112,0.136950934025611,0.139407259461643,0.089146737012664,0.0431619071408536,0.0829380683592745,0.127066227810674,0.192296865931422,0.147686928108709,0.107414631575304,0.0133292701450299,0.128723174715731,0.180268590416117,0.157670346740085,0.226335582430436,0.360145828676057,0.479477425201551,0.352582762443296,0.258692267477355,0.26732146582949,0.280873413796436,0.269007874558072,0.244562822953147,0.290543971323202,0.349148175583438,0.369339674048962,0.410584188093873,0.349626746014274,0.276776982201508,0.22214010724826,0.176638443296414,0.219250028337352,0.263597581667817,0.360852467561622,0.423652890309943,0.404399105671406,0.335691700594298,0.277097844432749,0.233963638914385,0.281338404549372,0.23115606478991,0.174670460742341,0.149279167691587,0.113373364311736,0.058982082006993,0.0430674119639966,0.0494395556121695,0.027025978816823,0.0287016416287759,0.0239996567793285,0.00828220890310461,0.0041334599226418,0.00646776378172967,0.00280944229116668,0.0074294270219635,0.017899871860078,0.0305254587302819,0.0427665113081251,0.0986909944059968,0.101233642139277,0.148662049888227,0.249048639519484,0.263332148911234,0.0941114011670291,0.0364235921010426,0.136219779475305,0.124614838412965,0.134109730830506,0.0352619051745652,0.0426356832031525,0.0337865471964267,0.101892528244442,0.0994500990094584,0.0562486980639834,0.0397261344539984,0.0991321448272339,0.120810512502664,0.0981495169259474,0.0519404929807578,0.0565849583460435,0.0947614659799669,0.0674716170992873,0.0264039973480251,0.0462873100859596,0.150481456483033,0.325765209165807,0.242040215702786,0.176087590214443,0.229115943802497,0.159625122280503,0.068302736004298,0.054033195749114,0.0594903817505605,0.065920890125685,0.0338485303927129,0.0140297075584279,0.0228302391863849,0.0167744768433722,0.0150224179439103,0.00921387616188785
0.000262434851362101,0.000377018565874946,0.00119369543921506,0.00231298692760749,0.00198355474594889,0.00273169216289874,0.0221152875030957,0.0216710615497223,0.00477239687888341,0.00759774821690634,0.011772412997999,0.00434830933800125,0.0107325969816616,0.00643653986998925,0.00230268921751724,0.00199009151098185,0.00180909926647174,0.00222587930265428,0.00369352121435987,0.00835553047852244,0.0186745541852002,0.0341536644999338,0.0112340861822097,0.0204230349358351,0.0234704071504219,0.0264024401481342,0.01496550789911,0.018429463218908,0.0205255560922831,0.0150498128941213,0.00285937567109685,0.0164998035799906,0.00879152920122998,0.0104634505663375,0.00682574122457425,0.0156180986807735,0.0202860365011843,0.0232690497997413,0.00762599759859874,0.0172219038456106,0.0155654355651802,0.0232375784763305,0.0331057240641942,0.0419627856715981,0.0194031688369454,0.0192561800179958,0.0333235955313515,0.0377971370037244,0.0119770273009155,0.0241161418930115,0.011444931259825,0.0237455332727968,0.0137277382055415,0.0693806746525424,0.029089336478689,0.0106682729120343,0.00985887942535923,0.0108946676390791,0.00986822661089642,0.00501462089473394,0.00453480644943351,0.00415339679526166,0.00641969807875475,0.00548901355294322,0.00426669326151247,0.00214046023937377,0.00230810065112559,0.000828073931261841,0.00144323333457224,0.00113366270341314,0.000214426898592776,0.000968393634016937,0.000193654578385158,0.000337333131586199,0.000399266139042091,0.000628213722051059,0.0017473235986951,0.00792820306791029,0.00486204753547412,0.0241462239172597,0.0086423856329993,0.018039699468797,0.0175185306463316,0.00609492848116046,0.00948773971476667,0.00969188326913078,0.0106695457750768,0.00688628472679535,0.00641977717734158,0.00396943912086693,0.0273701583652671,0.00912349863453022,0.017814970890483,0.0119168806948881,0.0120309404257151,0.00591670649333185,0.00383956228586105,0.00873589901018051,0.0084605403024836,0.0105748267639941,0.0128505503184931,0.00629543460013383,0.00389684773665331,0.0116673024312214,0.00370133416721441,0.00790569912709579,0.00628427203683783,0.00537370372774573,0.00242171183435931,0.00268987480717113,0.001725019750687,0.00265355956045562,0.00566291706753272,0.00410723225182803,0.000623240132671521,0.00259908477147347,0.00147382954133628,0.000192830665323643,0.000752874226829203,0.00111257260217895
0.000441906890879267,0.000141083748583112,0.000184176930734112,0.000359196457616626,0.000609642018258502,0.000831412442652349,0.00144039459682508,0.00205293568277402,0.00257908408963149,0.00300517643620924,0.00244666708569928,0.0021678810243317,0.0012543265282223,0.000543482370963106,0.000729932223376473,0.000859644695609517,0.000606935951204863,0.000825772691407966,0.00538067054149921,0.0170146248751982,0.0149738323700671,0.0127842607157449,0.0261052455952148,0.0305227631792512,0.0159472519559086,0.0236149929308596,0.158226750372903,0.0587716250262972,0.0336949435878157,0.0116133409613342,0.00535382775337984,0.00518146599277655,0.00390805838184334,0.00359740399260046,0.00427466758143488,0.00891846142286919,0.0136622564794335,0.0109822695554714,0.0148134646741321,0.0165035887578661,0.0148839859508733,0.0103947303038137,0.0139878539468648,0.0145274854292163,0.0093455206377591,0.0353769659621812,0.0390970854687421,0.037977530872695,0.0425179209353696,0.0200605439075535,0.0143188420348905,0.0132668342823947,0.0425110359438383,0.0129898555788453,0.0175089400850588,0.0216636510468822,0.014990945453303,0.016212891399965,0.00866608388720344,0.0150810801534649,0.00540192214831996,0.00333392998061832,0.0024239338169208,0.00194793074050176,0.00138958926380968,0.00123839605814262,0.000769482276685105,0.000705949007392954,0.000595903284023846,0.000686916104487234,0.00148981890264653,0.000845352616179402,0.000469085363345312,0.000701440040735061,0.000291809011136663,0.0013427136936856,0.00262143096868681,0.0149080807385764,0.0298650555424101,0.049368511600125,0.0218965240550998,0.0469079360647055,0.0684300761822688,0.0146433922437495,0.0170977617695506,0.0237551406560614,0.00285000703475519,0.00602849682117265,0.00682645785070185,0.00635355248836231,0.00831667353402288,0.00624684530658002,0.0083348597685947,0.0132691340993976,0.0174252150486318,0.0115858178317322,0.00781448139749135,0.00672519089340816,0.0145031799150711,0.0181095327143014,0.00492746324554268,0.00250313691619989,0.00978233785993146,0.00721776790837088,0.00305047717439939,0.00506072299785359,0.00464700284530833,0.00312386052504522,0.000899644387290584,0.00145615118469811,0.00222769238118351,0.000806405257181525,0.000228377217166255,0.000646165818458785,0.000273132258278674,0.000326744159822314,0.000134583253216288,0.000349436950192938,0.000253582457856431,0.000313474718817756
0.00021621442746309,0.000187054800034068,0.000237205727563951,0.000564690762587997,0.000473456259280296,0.000366612521385503,0.000286189283077956,0.00103800350695189,0.0014084350525063,0.00169357551703766,0.000657970934548715,0.000367118467480631,0.000120086080578816,0.000251520892761007,0.000216021390462536,0.000358972948835941,0.000607621061265469,0.000302711606327172,0.00110542596934488,0.00572655754915847,0.00935898444884898,0.00627885867347551,0.00533672687969345,0.00610592987625048,0.0115051519248515,0.0106297039131337,0.0116524174854685,0.0119569606153188,0.00576284478080374,0.00276538097388362,0.00389871559772142,0.00309062461092455,0.00190865548092131,0.00226839755960688,0.00223342345775907,0.00900485816128547,0.00999240728709747,0.00535047734531065,0.00779051198756992,0.00234233475749199,0.00989430415026744,0.0101741140623549,0.00548515156328307,0.0100486005565646,0.042362654931734,0.0339150472968194,0.0373919613775706,0.0216893237687413,0.00906435475148725,0.0141490702281799,0.0191095687092052,0.0167010343465688,0.0387669961200255,0.0254763636563402,0.0193851499292111,0.0127189295248439,0.0109913384084758,0.0126776131921526,0.00671422576073639,0.00428673216059103,0.00448940122249223,0.00122542327001521,0.00160957802769974,0.00140193989833743,0.00249273210196775,0.000777541493121006,0.000259264978329192,0.00137335585192342,0.0002388973850674,0.00106837206396559,0.000798353064278663,0.000548381345109877,0.000552091503807611,0.00020860531216747,0.000181283757015722,0.000508627381668968,0.00110260330455618,0.00429890498031553,0.0139005036978309,0.00895990490072922,0.0123421649403016,0.0135421155068879,0.00981367593527227,0.0300919349502519,0.0121894317006487,0.00998454891501246,0.0333529277760655,0.0152354038006905,0.0136756556241549,0.0123020774693605,0.0315508021187185,0.0241591512888751,0.013069253490723,0.015984000070698,0.0175765019170038,0.0197284954196317,0.0155410410703855,0.0109881413509219,0.00531611210679932,0.0154726859589422,0.00855680576013189,0.00410040903247138,0.00351105978562535,0.0110225397095134,0.00376414128615902,0.00182728844953285,0.00296803899997378,0.00572509361615917,0.00188796494345142,0.00269971494104666,0.000886007443201914,0.000499154788094382,0.000392696422799181,0.000295210127992554,0.000130429569668614,0.000163006964101466,8.90344667906142e-05,0.000414415914577931,8.8696378337016e-05,0.000203196582027488
0.000204930960368389,0.000422007153070794,0.000192477973616851,0.000347658959455197,0.000128232913236482,0.000288620921407828,0.000629423934266288,0.000512938094579787,0.00080643959111528,0.000792699520909963,0.000722401793013873,0.000300895623704907,0.000105378733818242,0.000191541074625993,0.000327896083383151,0.000246853063005575,0.000215414812377378,0.000237113803520698,0.00130102956459178,0.0121089525700781,0.00996624846915551,0.00422866512367602,0.00600923949130272,0.00372395672537731,0.0134084132705047,0.0134796592370268,0.0154985602722356,0.00558570213642645,0.0033866035886979,0.00195030240108048,0.00128531806426106,0.00177810496833623,0.00226869865477485,0.00170449364243538,0.00243312642039362,0.00634629354149252,0.0196204336184946,0.00968377809775617,0.0209235536962396,0.0200481863821955,0.0164370026431399,0.0159207745320514,0.0122874151805827,0.0133104586795456,0.0146204376136203,0.0273331990068916,0.0466276499613971,0.0549588996464689,0.0470755453609065,0.104816172866568,0.0348794259684208,0.00872592362958182,0.00535230758471635,0.00390677560972592,0.0127822033609663,0.00508561704299417,0.00838876924371073,0.00263408926595146,0.00280879935013339,0.00347968846794495,0.00225370576466615,0.00216235257634393,0.00155712553707034,0.000793526328661881,0.000640334058851724,0.000430111561257243,0.000532030240028322,0.000510109442218682,0.000301616383132368,0.000330225037629702,0.000570858210242783,0.000190564028474717,0.000274373303289157,0.000127466786515224,0.000356039567403483,0.000561804557260535,0.00224508319047177,0.0102080801242281,0.0152034400778691,0.00454619756795754,0.0171538394246576,0.00678092630778832,0.0176492042170254,0.0191091473185082,0.0178491574030291,0.00754491089557844,0.0140345851588445,0.013687251443628,0.00530512025977211,0.0071164174118457,0.0223029924047147,0.0111034873667979,0.0156942436597905,0.00776121812718574,0.00895310230077791,0.0088820667995327,0.00871721735503283,0.00677940731374326,0.0113423539298713,0.00800640912718644,0.00537198274533062,0.0019581548410602,0.00392718143150153,0.00309739261378855,0.00217690420062413,0.00527964031342943,0.00509025859567727,0.00110152968857049,0.000863441754941494,0.00341264390555525,0.0016657452581175,0.000394639451518615,0.000212387079034702,8.47987099424299e-05,0.000219290578266111,0.000137621901599458,6.56826792969564e-05,0.000293272235928363,5.34849455769036e-05,0.00023283129446719
0.000184071243644264,0.000126747580453863,6.19643529729899e-05,0.000107362476457788,0.000127988626102813,9.71442778449222e-05,5.28477128390435e-05,0.000224824342351126,0.000163465877944314,0.000349667788221267,0.000154360650939403,0.000159521453087057,4.11397833821623e-05,9.30713010145372e-05,4.40362326292083e-05,7.53665104603611e-05,6.32631241810601e-05,9.33174426993614e-05,0.000529856324933239,0.00456846034199132,0.00917349551486856,0.00324281688449668,0.00359724302035233,0.00474371463949978,0.00855142467326668,0.00684654732736086,0.00557687661365962,0.0029646719476702,0.00129172352421158,0.0014247750345299,0.000981938475209421,0.00051126538273181,0.000493774964870835,0.000907719396078304,0.00249372626536892,0.012401533832997,0.0142764998558003,0.0105940771012716,0.0119339642715155,0.0134093526526903,0.0375655192141558,0.023353784649192,0.0154986689938198,0.00356942060494419,0.0395580640284042,0.0560715144167889,0.0654376528275908,0.0710666977011885,0.0265017257571662,0.0326398945756058,0.0280592967598087,0.00714488714909739,0.00350327952766391,0.00781644563347331,0.0114878859910043,0.00575137912344545,0.00883821592818985,0.00513253451777568,0.00674241618686727,0.0034279263409288,0.00225625449344228,0.00177225439816333,0.000600047821556355,0.000642325288585002,0.000445106941667831,0.000403991828240581,0.000166790078845778,0.00034640921756894,0.000258223395252439,0.000305542124638413,0.000149685288473199,0.000240613186114432,7.65919599382703e-05,0.000119936228804174,0.000200530490171447,0.00045980378278685,0.00104592458031284,0.0030276200671274,0.00355456275262999,0.000915162828006691,0.00567111524371513,0.00345610550658932,0.00443069843735147,0.0126874844757496,0.00567808008443679,0.00579244074833456,0.00445541259598546,0.00393421023337009,0.00702733560169306,0.0130944211854954,0.00778243306401263,0.0040646638408091,0.0158853912642168,0.0170341615054233,0.0106539755070848,0.00525094838638255,0.016091091771119,0.0434840797191857,0.00577005459331067,0.00895987956634952,0.00767811664424697,0.00926310152300912,0.00263419771117911,0.00234692298431261,0.00124960807613585,0.000666105287206616,0.000833574357973219,0.000685795938048116,0.00125002034080849,0.00185848749673387,0.000295655726032694,0.000178594155735196,0.000542689207559264,0.000128195065171601,0.000176154735878318,0.000108644293197834,0.000168965684325547,0.000114393345598023,3.60121662897512e-05,4.4815669440885e-05
0.00021127117107318,0.000146318079102371,0.000223732422248629,0.000153951877503576,7.6677027339439e-05,8.56757383317897e-05,7.56079944982123e-05,5.68315922154505e-05,0.000137581603541939,0.00010391050430447,4.13201565330534e-05,5.87936109627126e-05,0.000108391044749427,0.000105231106144462,5.45868133872859e-05,6.38547824096162e-05,0.000202760405269443,0.00018893390427158,0.000641195156333085,0.00118308481857001,0.00240478942535838,0.00190356271735755,0.00116367369054209,0.00426722193983274,0.00131434720732259,0.00136355459688119,0.000555873744697963,0.000589224352016063,0.000405971699743025,0.000988099102470345,0.000305430272433639,0.000192009507767371,0.000274168193230085,0.000630682668763028,0.00213025312626777,0.00214924685387124,0.00517456424112812,0.00508203474400332,0.00672733728909707,0.00214499678800361,0.00253162130740747,0.00822433698465713,0.0024143469537385,0.00442292177479103,0.0176731378979589,0.046070805085656,0.0604568715961344,0.00609946072475592,0.0190886115203801,0.0125397932092589,0.0174032119075125,0.0212379622538445,0.0131817617168722,0.00429477711174273,0.00323867535714744,0.00270903095519872,0.00547696054196102,0.00303362570756559,0.00199572763734072,0.00219810139612482,0.00248593250216696,0.00112450941720993,0.00046331724027549,0.000491742283139807,0.000350216455487933,0.00036493308531447,0.00033714283166223,0.000216414737314022,0.000114058261399286,0.000206697625460023,8.70574404218109e-05,0.000230529577580187,0.000115622979417033,9.20332601169338e-05,0.000271200657997778,0.00044682127654602,0.000855942394392231,0.000549977271618175,0.00209477594165062,0.00191824953198236,0.00266438145768846,0.00406995654402758,0.0020758243762665,0.00775673852856134,0.0067713266650769,0.00340812828971275,0.00525233761963589,0.00561553409109878,0.00448920026128258,0.00463837628818154,0.0069008724324719,0.0109948983612096,0.00837287456645123,0.00439909710780001,0.0047841373254423,0.00521521131128669,0.00995331383155709,0.00748217803824358,0.00346326046694284,0.0041770991090686,0.002813768278154,0.00356784082536058,0.00175935947644741,0.00132904775365,0.000802379498409426,0.00287352515350682,0.000772936240927347,0.000513340811129354,0.000703562224190979,0.000845982294706355,0.000247095031935602,0.000364200872706626,0.000108018315882904,0.000162451911954416,9.53387467181121e-05,9.22897876114093e-05,7.70348378071663e-05,0.000117922647317968,0.000124174156056205,9.15905219223276e-05
0.000126358710282926,6.79465796883919e-05,0.000249826118762809,7.93668845756714e-05,0.000115381441170603,0.000347929543509809,7.58627449663415e-05,5.98573789062337e-05,0.000137030664044292,6.65986645865766e-05,5.48554949324036e-05,0.000134794772550062,9.68402067572632e-05,6.56261102954667e-05,1.99024345104711e-05,0.000148418331296671,0.000146914776860951,0.00021892765508645,0.000361604326510381,0.000993989992765648,0.000228572944394656,0.0016845739592467,0.00199395043932189,0.000839273409468252,0.00125283209161938,0.000780938281810817,0.00144405740349181,0.000441641038802456,0.000812729844665654,0.000384775272362059,0.000397692999408057,0.00055975617192611,0.000110486992210245,0.000576920077442797,0.000617379161166488,0.00534577203320207,0.000950153566877982,0.00148700901278668,0.00222317002708159,0.00190241594661124,0.002549960257927,0.00582269164879827,0.00258748123231189,0.00196928736072141,0.00631855143200222,0.0112546294728005,0.0229241644141665,0.0233306726173476,0.026746221016022,0.0176985599917668,0.015517667151663,0.00735912223091045,0.00839701781975724,0.00679027658131419,0.0103670806700426,0.00433585465254518,0.00399126932799884,0.00253962825932291,0.00090586074699198,0.00201069006185569,0.00155737884686066,0.00194541676579173,0.000177901863000885,0.000242405049806544,0.000781611207106968,0.000263988356106971,0.000489338221007209,0.000285359388750026,0.000166815924628838,0.000216507740851751,0.000152470018128986,0.000117314041849862,5.73073989519597e-05,6.89378063668744e-05,0.000253217430653112,0.000285244322336824,0.00026305945544207,0.000500378484199463,0.00104245670650297,0.00129755912020749,0.00394717984547278,0.00313735232510676,0.00762156247337861,0.0128556532966918,0.00483648684667076,0.00339755706259599,0.00542685262246977,0.00162374642407551,0.0108163051968671,0.0044243973807352,0.00597499061884598,0.00297126165046566,0.00539140254784549,0.00517926954516882,0.00976568900194356,0.00308199459845985,0.00461584493517559,0.0111125487611748,0.0147807637196759,0.0091680192743339,0.00307035794501943,0.00604852209355333,0.001281654086875,0.00114140032206961,0.00187235878510378,0.00201295448850818,0.00074862364095725,0.0010033016196708,0.000655529938859178,0.000230851188364765,0.000325945039790996,0.000319898387116765,0.000115612823027939,0.000457273010538398,0.000246326672330722,0.000257908027348161,0.000140788692623677,0.000323447462560952,0.000122456293601922,0.000246908151100843
0.000175312396837241,0.000464151590464541,0.000100794966384398,0.000149032026175244,0.000148861349977506,8.81909019665751e-05,0.000349583424792893,0.000120904936085553,0.000109692647533636,5.92265780676799e-05,7.87153334245296e-05,0.000207376309753289,0.000218590877075464,0.000196680576249166,0.000143917752044134,0.000125809013811564,2.05278950748018e-05,0.000423016673862463,0.000692402952672621,0.00123542107454997,0.00116521356240841,0.00608267166949289,0.0023199412419637,0.000857612488502079,0.00491153045658934,0.000570082290204734,0.00271621446741622,0.00062400784180009,0.000544980036388702,0.00171695258659015,0.000316132582941331,9.37470836946742e-05,0.000402305898317235,0.00019642145005068,0.000624430176157115,0.0019780685007479,0.00165579567427523,0.000446623556237233,0.000402531448640219,0.000239285886648202,0.000483913521264038,0.000953720098188096,0.000637003118386985,0.00101564885666722,0.0024753556084963,0.00719513127548144,0.00419876789500954,0.00877850927099232,0.00832915394869777,0.0407840414487265,0.0262848142651677,0.0405774111937482,0.0086595065055298,0.00927063363404568,0.0162379723997726,0.0067597369673378,0.00601781291675315,0.00393394836202006,0.00632377980417435,0.00707141531188926,0.00319854384025024,0.00249187994734288,0.000925707112837246,0.00163189804779314,0.000206420542329179,0.000307566251831192,0.000376859957918555,0.000353314655388802,0.000651724899379022,0.000188376074239736,0.000612559223784314,0.000618003791711196,9.29634847530854e-05,0.000261075277890059,0.000190250162776852,0.000414313767721721,0.000169391007625394,0.000689580284079732,0.00126997681931111,0.00272005096787541,0.00356882353490596,0.0151543248990809,0.0184422150442246,0.0253371724860331,0.0156962648824048,0.00239081672801348,0.00593667690080596,0.0153735817493451,0.0128353000045317,0.00584532505580464,0.0139403830858525,0.00505609948116053,0.0128222652575286,0.00867079832523586,0.0100846667232639,0.0127708069823585,0.00464319660792037,0.0101872661761677,0.00479442211319721,0.00517967729480617,0.0149141093761225,0.00367832879222789,0.00315422804809911,0.00443509130690907,0.000796128933458361,0.00098493759969284,0.00176684712494933,0.00149377421470918,0.000612203475821209,0.001260697656654,0.00120674316770413,0.000572881066184541,0.000616794618519015,0.000255227588018879,0.000419978174012654,0.000168521092641598,9.93480358158748e-05,0.000478340517517009,0.000317382825313059,0.000304788615935187
0.000261622778094419,0.000453312099705514,0.000204550424850179,0.000123890942430811,0.000108254164740991,0.000262708981118989,0.000132489638263677,0.000158046065819897,0.000163725846003638,0.000465939680475512,0.000259005469055153,0.000111338268593188,0.000191228669119935,0.000428041022236835,0.00046112084382458,6.27375505846625e-05,0.000173145679883674,0.00034107842180467,0.000544550435417192,0.00150305552030655,0.00187317054436664,0.00191134430775724,0.00229398079021115,0.00452993637778513,0.0058947424478059,0.00417708642524019,0.00260767715398306,0.0112253996358225,0.00426331129568905,0.00555605272977851,0.00260934048089749,0.00226210414388951,0.000920382938530265,0.000960574581266815,0.000371556613190879,0.00139442803502236,0.000548948607987824,0.000911158131079035,0.000452536439875634,0.000307997783716256,0.000106522584709573,0.000477067964038566,0.000323342847029717,0.000440636041182495,0.000832053763331345,0.00982741113182231,0.013933414897098,0.0354449757335972,0.0128447482751194,0.00569257046356419,0.0171105738084932,0.0306975753027733,0.0550832020163129,0.0672292882093838,0.0253403872778694,0.012705320196748,0.00635439002236761,0.0146822129216679,0.00254014523786789,0.00318008198745893,0.00356417193476173,0.00246749170088055,0.00145525540275911,0.00191983536493685,0.000623856644833997,0.000779094245361682,0.000736544541533494,0.000222185598237789,0.000257057352545612,0.00027583914435868,0.000456939038802488,0.000323716875089768,0.000260843223473573,5.26924955277382e-05,0.000641140779186982,0.000725048296236965,0.00057252087475994,0.00137126960494908,0.000822681168463561,0.00276431588717761,0.0111418519549048,0.00427965127265401,0.0052549230612243,0.00464286735917274,0.0056986574667441,0.0102316570507764,0.00558478446205673,0.00906062451263398,0.00629638767110496,0.0118055360045295,0.00833032075232589,0.0068050184879141,0.0106958228141184,0.0111301893529616,0.0098387611545146,0.00798752050629145,0.016584460918252,0.00467140756588975,0.00650364925881215,0.0135987522264161,0.00322975811084916,0.00450913113718374,0.00176004741739482,0.00220428421863022,0.00134765643011969,0.00121509710389018,0.00173994318438994,0.00273143702079423,0.000781072236744401,0.000684714939387212,0.00153757317211732,0.000664470788594687,0.000810065276349705,0.000835731538967292,0.00017088196366976,0.000144730164703187,0.000427158895394814,0.000239355239883325,0.000148723539312209,0.000253357957801587
0.000135864436058758,0.000728849684469636,0.000190550046093328,0.000220119945386471,0.000323626029494553,0.000364562870112633,0.000725292626035422,0.000967077580049107,0.000133576578586511,0.000874651116336855,0.000158889119430205,0.00152612001114361,0.000308909230362538,0.000664210835677725,0.000709019215634575,0.000308936794991774,0.000266595131745442,0.00111282154309907,0.00156596002395288,0.00405783747976652,0.00699282567011642,0.0145768382222872,0.015978842431112,0.00993880036586931,0.0287955304698608,0.0307598545442952,0.020082227903573,0.00757389168767459,0.00439402028468704,0.0212121923453788,0.0067659126081793,0.00592067674545099,0.00189787598716236,0.00257980475936089,0.00207998149197429,0.00355393686289004,0.000752855513551221,0.000531202079440355,0.00245487131761209,0.000954271351972389,0.000570017190113092,0.000727554272990983,0.000543589758983672,0.000383389860229784,0.00135829178593767,0.0014398964743408,0.00219862460844531,0.0048551201652546,0.00736520180051884,0.0337322285708724,0.0214693541919268,0.0206819185711324,0.037078213001039,0.0132107431211876,0.0187383701954637,0.00797463088708342,0.00874239054017124,0.0213943458465558,0.0154274429895507,0.00256947614825988,0.0019528534672008,0.00138475502501904,0.00409111970389361,0.000918136922675065,0.00245037388124799,0.000928109463604887,0.000812427920767602,0.000251843036244377,0.000549042010859648,0.000710430732907041,0.000644624747973567,0.000377051721129691,0.000181886286617024,0.000103171289620878,0.000307817194144031,0.000349943967823767,0.000819076624006095,0.000555746461403872,0.00258055334501286,0.000490567432533558,0.00120230013716577,0.00107983636012733,0.00369186190996349,0.00604303930215518,0.00391300195951462,0.00447542205689373,0.00353647152057989,0.00551756541197811,0.00410069256940342,0.0110887445565838,0.00747357216567927,0.00683096270472318,0.00291473089477938,0.0062447301797438,0.00289071350367453,0.00803765910685615,0.00344913422270944,0.00227894861360408,0.00346445944055813,0.00245524676839523,0.00151995499841612,0.00159141091329953,0.00177667080912877,0.000781574401492302,0.000473340971375613,0.00113740578958128,0.00136064336699769,0.00122960733808572,0.000491545001250877,0.000727442446081696,0.000814670589183307,0.00159533830847147,0.000839902199496526,0.000289835168112544,0.000653164377692684,0.000278277985931898,0.000604935050842059,0.000731617847953719,0.000269421014752558,0.000200597885280601
0.000132796948519533,0.000590675948859945,0.000643761492841246,0.000657697746003855,0.000228260897502994,0.000187499212777642,0.000234048303772893,0.000280087175914904,0.000828412778678082,0.00177697729921986,0.00329087563987099,0.00246965260197691,0.00265763085025697,0.00153702584616135,0.000380739291599214,0.000588430579077221,0.000229703987573597,0.00128027330283016,0.0024789529029724,0.00602409829190877,0.00939695846328414,0.0244916508540704,0.0240865510699978,0.0349266478283903,0.00896611610376778,0.0233996248439001,0.0529517425046809,0.0275185288875009,0.00597646546807262,0.0148649610537536,0.0169595863654903,0.0183160244897192,0.00187630544199577,0.00534317953686429,0.00328699325345477,0.00359137660642754,0.00125353303442023,0.00133487752630287,0.0020612418087736,0.000935241096890124,0.000833217758471744,0.000229361651423831,0.00105272191933348,0.000183043214164939,0.000957105007302287,0.000381206739551664,0.00147817402451652,0.00100565919269875,0.00164299802230063,0.0251441033522425,0.0627823575263851,0.0161352590038203,0.0622989665111741,0.0391882452661448,0.00784950725686087,0.0148920959752673,0.0202410649822405,0.0138605011306813,0.0228619853817452,0.0106491350267226,0.00435011655572307,0.00728027284906529,0.00522345021823686,0.00245854160705964,0.00193604029736565,0.00117220997699798,0.00116673653765613,0.00160588151323644,0.00113492462165555,0.00046353025299257,0.000667156092366314,0.000240729922184955,0.000238017304025341,0.000103668750573206,0.00027722940717825,0.000147911872249735,0.000522580362082193,0.000266816495730668,0.00118618916535813,0.00216389165565271,0.00190996407434199,0.00143307701237202,0.00418434246740798,0.00245931497044487,0.00173024320800186,0.0101584646820011,0.0129284993250246,0.00527825553807019,0.00944572049550958,0.0106346627798789,0.00444810146922307,0.0049437575614483,0.00354189894491808,0.00433742319030944,0.00513002361339502,0.00186353970617088,0.00208928604121319,0.00192527421226053,0.00244655624371976,0.00144254805485399,0.00172184070407138,0.00099339338647293,0.000499605146998323,0.000357875283524276,0.000419459257944566,0.000335657505949141,0.00100632259036924,0.000522966269017657,0.000797821965931625,0.000306116978413514,0.000995636774953454,0.000550298980168221,0.000117424160220446,0.000340329516091117,0.000389831599512634,0.000269381532363549,0.000422754493132582,0.00045120345150162,0.000162032496148653,0.000154156173924153
0.000339756678888693,8.22512336739491e-05,0.000345026405309741,0.00045579354283478,0.000118592413521541,0.000141922346284629,0.001121199646815,0.00135408165506436,0.000808422027925075,0.00152031252474904,0.00119243349398108,0.000665923003823162,0.000265970970086561,0.00102694235169132,0.000606746519854465,8.48809301863572e-05,0.000646056291981192,0.000569214735405006,0.0011418236745905,0.00599415862596881,0.00485759313336072,0.0114837024518713,0.0121710611953866,0.0191548111117621,0.0134759887663564,0.0406861103421818,0.0354643687604701,0.0169171170444352,0.011971422818707,0.0305902285238438,0.0189965656532362,0.0105452173535447,0.00476815304760346,0.00507068112463531,0.00385426607670017,0.00368184817490536,0.00506236188597253,0.00178030138305686,0.00139767209579142,0.000595728528377943,0.00135427875863946,0.000459358417430849,0.000244634361756101,0.000532110512714097,0.000762051243063962,0.00275292949504261,0.00160921330943744,0.00422310273650958,0.0194043005762552,0.015908856598031,0.0743699733683171,0.0177591622739289,0.0432722968889229,0.0409865841606603,0.0105292349908276,0.0101482158855034,0.0242182372426172,0.0059525512761402,0.0106707324240505,0.00692147401337362,0.00152394594539342,0.0058285491303954,0.0112787769647769,0.0139440305143559,0.00281359564800949,0.00200606661825362,0.000474266778739321,0.00290833429129803,0.000854484133814095,7.57020087572696e-05,0.00065123448789823,0.000405085841209728,0.000679435103303239,0.00115163129444845,0.000222820717000775,0.000191887444370755,0.000237422180183297,0.000356445847715701,0.00029949050724927,0.000492587060704477,0.000967853919721774,0.00476870768727247,0.00790175545014422,0.00792515092622384,0.00579266902396857,0.0180682731783705,0.00791453529247607,0.00572647379641899,0.0132246785632686,0.00917749005769231,0.00582986914588807,0.00811930283423703,0.0157526535681247,0.00185216227598781,0.00612893474753921,0.00258469159176443,0.00188335017665314,0.00707949800023551,0.00623311953933105,0.0154324663721455,0.00246312461548856,0.00208918302798989,0.00165437725275362,0.00226075100108704,0.000827077733144372,0.000541010222517921,0.00201990136301165,0.00110089541248512,0.000802723298276968,0.000601074630094539,0.000777812925479349,0.000739760985260555,0.000485345150612238,0.00026842608973612,0.000157025327802763,0.000243245585995793,0.000285897927891275,0.000531463930308016,0.000379056221224196,0.000272010897755986
0.000257783594581629,0.000115455993277385,0.000386643261622032,0.000437357476681682,0.000580947678232143,0.00068040598595181,0.000720820178521195,0.000274741744898413,0.0013155345190702,0.00100029390379967,0.00039282267851134,0.00119266652357667,0.000925782272884349,0.000446877864389299,0.000216918554719471,0.000104696707371335,0.000549576568403899,0.000672556023905407,0.00152483613514983,0.00495360884572289,0.0171576113311917,0.0155752493329878,0.0119609847943451,0.0222529235047122,0.0131938333167272,0.00473833386606562,0.00652112858240844,0.0133857637751726,0.0145960042386485,0.00462079281141996,0.0043499730558071,0.00294144366094971,0.00925299699685162,0.00319496637326528,0.00227541065779417,0.00759417114232832,0.0020513286475201,0.00179816026732696,0.000364238372045511,0.000797227664384853,0.00137626140485274,0.00149964282969069,0.000137332165952002,0.000342457936085044,0.00057693173714456,0.000473135057388095,0.00181141991350677,0.00874190170611838,0.00969854443891785,0.0119097139772317,0.0779512978381154,0.0363776221134468,0.0421533715623982,0.0235727651146582,0.0166031316347557,0.0349404991494146,0.032998599798485,0.0202009904450214,0.00897889492144565,0.00707805765447954,0.0163446902328773,0.0261794059235605,0.00996211937470531,0.00240033583425467,0.0127334128156908,0.00327854631155897,0.00312633230545782,0.00240548402345289,0.00149590105806445,0.000562480761375453,0.00118233262536252,0.000231382225004785,0.000598925827911117,0.00171361774007913,0.00027426689368383,0.000473682981999257,0.000434579540286479,0.000446781920073024,0.000663386246418865,0.00177859052525737,0.00214656955592981,0.00141642751360632,0.000744940141097336,0.00124975089818177,0.00490204281986047,0.00176415141507818,0.00171942385845691,0.0041544235999872,0.00810444223067347,0.00321843156146882,0.0025018216075635,0.00507396660439455,0.00272830117740032,0.00493733505010202,0.00252887750814517,0.00159419024960871,0.0021066828231805,0.00310011002236363,0.00294095119887276,0.00216100014198438,0.000480651518790363,0.00129227363141828,0.000824027708298174,0.000328280161418746,0.000933490808941884,0.000342010262805542,0.000646926043747806,0.000328772892683734,0.00112733983927197,0.000661525664145517,0.000288196904485626,0.000392812199453516,0.000571274901834924,0.000162193838490701,0.000221689327954091,0.000290036734495908,0.000370040443479953,0.00032115397044856,0.000137557716341291,0.000322838538744145
0.000633804423050609,0.00050713336994239,0.000353806161844522,0.00103713403566924,0.00130902692706501,0.000863790625215385,0.00105106013606475,0.000542914589363754,0.00126884459599166,0.000269169542982311,0.000408843143207311,0.0011073756586335,0.000440677214339193,0.000458061387024193,0.00114051649806827,0.000338758579365548,0.00117013415595858,0.000972071226662616,0.00168912175336645,0.00247160594014611,0.00750179049704081,0.00768922966286101,0.00665903297022621,0.0215652187198143,0.0197625644506939,0.0175343401483065,0.0122739559454651,0.00802536292810623,0.0149020420190478,0.00596246445999951,0.00116486003620171,0.00163534559594042,0.00106138017603197,0.00163941658051713,0.00104196889902289,0.00170490743664549,0.00128990037608606,0.00107695122583155,0.00142074024869032,0.000715660155639995,0.000729335519147102,0.000232109309909137,0.000946556806658125,0.000650356780310078,0.00208434811499393,0.00155335261636945,0.00235225886179244,0.00202453656467743,0.00858536280118908,0.00540532744682404,0.0214908309776942,0.0159622490446319,0.0141613651499642,0.0172320821468324,0.0181518192876787,0.0187777736262317,0.0161060093205602,0.00524803527663432,0.00670174195844609,0.00910211336174421,0.0139701907731925,0.0231696456680098,0.0167081996647589,0.00901361073684096,0.0134883945949703,0.00378000016415705,0.0017847468248494,0.00406443563495624,0.00524140560552711,0.00169475651120669,0.00113483850589708,0.000516744818780115,0.000912462388918399,0.000220673150942997,0.000501998674234546,0.00121234221344172,0.00144057234829059,0.000784272304378801,0.000530389036215337,0.000870005273056945,0.000798877775329477,0.00141826920285525,0.000937553643193537,0.00274931210582076,0.00303505966729746,0.00294066458578007,0.00374804084127921,0.00058710760619435,0.00144207944933555,0.000853536155759865,0.00124316323164022,0.00223066813602911,0.00114826478885736,0.00230209613912558,0.00142101815798147,0.00224905515415057,0.00200452654890777,0.00324573835343015,0.000957805760868582,0.000500112036482461,0.000983992195530394,0.000595782762767562,0.000490807612429063,0.00123312999034574,0.000391915267804516,0.00111439425253384,0.000288427982114924,0.00152863102550454,0.00112975791380448,0.00212641874261554,0.00036432009439962,0.000489045762060805,0.000413365029231272,0.000990528624056162,0.000568133232288215,0.000468058982531899,0.00098285383458575,0.0005112046368212,0.000255892435784501,0.000242897185215266
0.000714387130795311,0.000379742259947563,0.000421478852263226,0.00187609351372118,0.00100764089427655,0.00074899969463532,0.000938647877577209,0.00184173584338202,0.000646299382924956,0.00128909499333827,0.00040235412672578,0.000641965452405784,0.000421825665302464,0.000804973866129189,0.00112784326399142,0.000748142389165915,0.00127022671819197,0.000862671162936013,0.00126601283028044,0.000457054156900004,0.00182377111824837,0.00148026858279345,0.00390610240929251,0.00701358361970058,0.00216827731839704,0.00357058032403961,0.00874389215657259,0.00399937251557648,0.00164807012114939,0.00153209378451107,0.00110572023904363,0.00113313831163448,0.000991591970044735,0.000509649948036111,0.000519158028635643,0.00370606430140934,0.00250489526004408,0.00170278850312819,0.00476468401389166,0.00163181989950541,0.00208290340497795,0.00125591428394065,0.000974245301365903,0.00187724987722382,0.00430033084180303,0.00245760234450579,0.00279629258789824,0.00139710825577094,0.00246579197251362,0.00479616371955469,0.0119363369529892,0.0240563118790375,0.0052200230273527,0.0107542121155486,0.00447787558138214,0.00519268920226211,0.00110913901772405,0.00353116001143954,0.00475958375916808,0.00241933078057341,0.00317950573153226,0.00291127458910173,0.00260734903525126,0.00380171025250342,0.00725605034397162,0.0039971977607715,0.00192143692045726,0.00439947073214701,0.00427212333546484,0.00270957694083545,0.00323309583850565,0.00221968413889227,0.00193212664333557,0.00149606721441768,0.00078194749018131,0.00118004280922674,0.000803764341395013,0.000445583072004734,0.000756785389206831,0.00296307095939701,0.00115902778976861,0.00125268097948167,0.000543006494710729,0.00158585583025765,0.000928529129700825,0.000942115312618717,0.00108649071924578,0.000645893552978718,0.0024244240332283,0.00138953855100898,0.00146209690421145,0.000867841929176292,0.00109433078242808,0.0014450551480032,0.000835264869980525,0.00131844719359431,0.000454486727100209,0.00131708547152211,0.000580186948921332,0.000557048413356594,0.000436228050398927,0.00166871546242102,0.000466897416800193,0.000583871981647855,0.0013768366887374,0.000730016508693375,0.000448204688503449,0.00106556157764988,0.000455455171021277,0.00217541081593538,0.00170677261897907,0.000727622148048935,0.00195990521120366,0.00154953580636798,0.00065521015531358,0.000615345675885616,0.0021313554228944,0.00220029278191671,0.00119095900078326,0.000435126009426443
0.000850472142055867,0.000468117086576602,0.000668289065155079,0.000917138698377043,0.00127688495988827,0.000463210815465065,0.000596552143169782,0.00121450503115578,0.000582587508472314,0.000874939795641256,0.000408122196192739,0.000403037793268387,0.000430934356636761,0.000558608113861657,0.000471931247861134,0.000181164618674706,0.000865240257820931,0.000687073487026699,0.000259116735798442,0.000125900346120108,0.00106733918737735,0.00100716796186111,0.00112380088241263,0.00143855824541029,0.00176421605255382,0.00133495837281458,0.00145027078414452,0.0007652057522609,0.00126959406177377,0.000345277441609356,0.00037491211110801,0.000272606501880782,0.00119900454691424,0.000143856519215955,0.000879026308741475,0.00170069002580962,0.00160108331279323,0.00129377201679062,0.00142929360942813,0.000903894777792494,0.00240757593173652,0.00213472184506873,0.00214141603126105,0.00347264617155784,0.00131814190591165,0.00351256247050764,0.00580861230968368,0.00231505387517855,0.0162639356900431,0.0158162018660552,0.0143564686902365,0.0178385683464827,0.00656864769712059,0.00513535716143602,0.00727778818159644,0.00160761858750452,0.00160585864763291,0.00293060824684094,0.00329926166368071,0.00223071898804254,0.00291142706343005,0.00500789310753273,0.00930791092887886,0.00767337655939956,0.0120220759074914,0.00770673579822041,0.00715796433131809,0.00934302789720286,0.00766372988410155,0.00225057503567117,0.00434321570247545,0.00373969770845649,0.00237689751944888,0.00129463281916188,0.00148580077457469,0.00219765096306513,0.000728078628564702,0.000353661365720801,0.000857574187161807,0.0020913767691717,0.00111338214726333,0.00154224921563865,0.000900742957844352,0.000480412979862241,0.000938026996582758,0.000486962507492404,0.00125543478069906,0.00136169211306558,0.000575520605438283,0.000943475245513217,0.000381400172476732,0.000292499710165214,0.000813558782841652,0.000436271547982078,0.00067528724978089,0.000312128074296509,0.00138283863921533,0.00158519933855482,0.00120522804465486,0.00120947199082718,0.000772968572177922,0.0016116911072996,0.0006806808509557,0.000464675608736248,0.00102383448427496,0.000421205322603429,0.000660031231968416,0.000531773529235196,0.000907452079583465,0.000442523964583122,0.00148358675959534,0.00176252692615967,0.00128411116779426,0.000911037152568063,0.000752681704398222,0.000496308456231791,0.00138827495675033,0.000947757346929959,0.00150654246623381,0.00103996502012609
0.000559026868029955,0.000151557672738891,0.000489941486720776,0.000619577108036417,0.000459964810799651,0.000230974768334505,0.000845850936593053,0.00105395324862708,0.000373509862267362,0.000229042665912497,0.000303581220812163,0.000275718339835451,4.87301550763681e-05,0.000470255323006748,0.000223612195569844,0.000219060261984462,0.000330496032919731,0.000432074137901467,0.000245241479210429,9.70641534132787e-05,0.000520850963155614,0.000253883734077651,0.000129374156879154,0.000290389803819253,0.000416625708154954,0.000712047783713066,0.000394969820608404,8.86077371399285e-05,0.000461705888272865,0.00035146765663405,0.000295882587911215,0.000341041070451767,0.000532307504494217,0.000439340792453054,0.000209557241105121,0.00023110108858748,0.00098961326675308,0.000189201477231308,0.000972353565975395,0.000246308253822684,0.000339083446844972,0.000406716867802854,0.00128408336836134,0.000230406921932455,0.00128768177246757,0.00138421378990702,0.00100400619324678,0.000827835161313447,0.00603919592493839,0.00795229425177928,0.00919234650330181,0.00785953154902085,0.00486748033120534,0.00230335197914691,0.00123238329724563,0.000279380520740185,0.000552693634663869,0.00267953557546632,0.000424231904060282,0.00157309487786674,0.00182022908960386,0.0053422509035142,0.00971780880817113,0.00758147282520986,0.0140397333536961,0.00956486681409988,0.0203417036053291,0.0153143180068456,0.00593569657905011,0.0283482153711489,0.00570635440272874,0.0101359303152063,0.0027879293376579,0.00229747819109672,0.00282262099377235,0.00378313873121739,0.00206169035487779,0.00273701668926343,0.00202008646484167,0.0024232917193941,0.00101041097820027,0.000717535948135133,0.00116260341157825,0.000415375988099984,0.00145270173932829,0.000490689359110662,0.000897292730375075,0.000469903285375735,0.00049228800340032,0.000257548276575705,0.000452428006219479,0.000397055782988602,0.00083277607570857,0.000158165155835714,0.000460840218754518,0.000361183268332789,0.000941750441672439,0.000651487642168775,0.000693698849550404,0.00051679857858544,0.000355798054014414,0.000446332904466331,0.000648630637877765,0.000402887722745,0.000588569825213157,0.000445830179024773,0.000628912088293795,0.000749937164062531,0.000680613980356445,0.000625974304762845,0.000564157789303643,0.00147784801956838,0.000675208059702339,0.000624282480105737,0.000532852429979735,0.000647641944572797,0.000678429246457568,0.000150284549391042,0.000501419327110807,0.000327122258512362
0.000138328880757511,0.000514817163306569,0.000187201445959347,0.000311904807121856,0.000280453093898517,0.000171573369109702,0.00024748545358335,0.00033377113992994,0.000302541405072683,0.000461613733832229,0.000240670968657181,0.000172797697182406,4.67111360276951e-05,0.000138098081350806,0.000139172714880387,0.000165708882561898,0.000126902808130794,0.000137047018386244,0.000296220914015084,0.000217899809835348,0.000454735099680411,0.000444125117437723,0.000648537434721823,0.000284694903901987,0.000440573873896856,0.000887715717863959,0.00170302083314626,0.00167594742438444,0.000794263403750181,0.000394330654461757,0.000460067515699655,0.000777028621718123,0.000363784805357784,0.000510880631311661,8.63351733993154e-05,0.000528226991103268,0.000562326294001091,0.000338440683464399,0.000634609356685821,0.000159506956630024,0.000725589425073616,0.000236302928320983,0.00103799440721173,0.000353649655490058,0.000390735143683176,0.00140090391415597,0.00270944098000269,0.00256582907214698,0.00451633180626014,0.0157596835919176,0.0341557993499746,0.0197422161562323,0.00627115323002421,0.015355463604392,0.00393175382774682,0.00267981218482562,0.0040967340630329,0.00393594779288535,0.00334061971395462,0.00256849720107166,0.00393101663179465,0.0045810161089268,0.00544255793903259,0.00453148720224547,0.0190656412798719,0.00606470308974449,0.040532630419113,0.0101976797874147,0.00804883546588428,0.0348922388574755,0.0320451408891593,0.0239885798349006,0.0131877868624453,0.00462062832032796,0.0108859818461298,0.00110358263848902,0.0102279478621793,0.0040102884854802,0.00701450756566076,0.00431874154063082,0.0027151117698772,0.00106907604041634,0.00115172759843889,0.00107432105863709,0.00378673742707967,0.00128771537858681,0.00151058674778662,0.00141860975742336,0.00110061988677404,0.000180702815078329,0.0011804223103851,0.000737247893806954,0.000459148582987142,0.00056908756673992,0.000768666193275321,0.000360026063409658,0.00035901962953903,0.000752491671690522,0.000316076374383999,0.000631546288181638,0.000597344440930198,0.000715156498707437,0.000432196179017303,0.000392731320914383,0.000307299630662611,0.000104202831934822,0.000577370076755983,0.000286717555965219,0.000361612035170712,0.000244833973277938,0.000211123976283372,0.000707631499143241,0.000144348982557915,0.000146030137980299,0.000372170929701132,0.000358784998097413,0.000202275301758813,0.000242214166237853,0.000228760481315407,0.000416326450148029
9.69639844393579e-05,0.000550630690188372,0.000123727217457005,0.000289093753176969,9.46771525544885e-05,0.000323904601930446,0.000121246275707866,0.000397024230602939,0.000182772774739782,0.000317762141432929,0.000224698311044219,0.000228847064336815,0.000187590622591235,0.000269996210369821,0.000201607467079033,0.000142877646964052,0.000327377326290316,0.000442123612502802,0.000558006281207824,0.000426879247312105,0.000778096367596365,0.00070901691422839,0.00397532637159881,0.000870677654713433,0.00280650634121901,0.00269781413214749,0.00488793041789314,0.00161302270908847,0.00228989645603751,0.00161377038515315,0.00190216131581886,0.00121248488730512,0.000319717168876127,0.000401221754313901,0.000500899693342014,0.000634260852285367,0.000246804740900613,0.000558843663218361,0.000618573763274223,0.000910210047128632,0.000444936831276357,0.000501560177134131,0.000549464794820735,0.000496662283587303,0.00206616651871248,0.00124211905920893,0.00552642844455371,0.00707162684955884,0.00383561078723227,0.00633671800198634,0.0144720274972442,0.0194024467012143,0.00955570543789978,0.00673626049843491,0.00596999093737993,0.00245938502705406,0.00357943291805539,0.00477996238079299,0.000606950913774546,0.0017391405665639,0.00326069512781197,0.00297649378049558,0.0117252437368188,0.016845983011911,0.0160705690020045,0.0120242487258711,0.0513026617051706,0.0230392154977869,0.0436500222746826,0.0191492830390214,0.0268804508211642,0.0280621345637348,0.0180448276217391,0.0100357407380134,0.0126446816336137,0.00919345917688829,0.00172887263110702,0.00245525939616994,0.00502635311004363,0.00371776213300019,0.00286348477143146,0.00342917768423201,0.00264655018032557,0.00452802625513802,0.000491738925267361,0.00118704776393504,0.00124701035502278,0.000729294048704735,0.000813188551688837,0.000411625862573191,0.00116796112020403,0.000780265889607772,0.00082865547031169,0.0008709437144986,0.000990835869640439,0.0028527126874353,0.0028814187056548,0.00107037381077198,0.00151682135969023,0.00116845490813489,0.0020612384943049,0.000344939922252358,0.000962835317001493,0.00110792602868072,0.000218818788674802,0.000415887878682667,0.000244479299915899,0.000553967260244989,0.000601416534275186,0.000216256916741343,0.00025062815085727,0.00015191983535173,0.000224104410145921,9.04107565018767e-05,0.000375965434896685,0.00020439220177264,0.000453435197011203,0.000110839941905839,0.000210900524689783,0.000170992269453321
9.60791813040764e-05,0.000326937096323541,8.116432541361e-05,0.000157738529564717,0.000234019895120367,0.000213027767395006,0.000265066273849851,0.000254496423755125,0.000237670159287005,0.000196195913247722,6.21317563673921e-05,0.000107036460175132,9.15947861454576e-05,0.000222998363531194,0.000299605529157989,0.000149380632840998,0.000575049327862314,0.000657583425011259,9.02708503379949e-05,0.000414923067176062,0.000408011417096579,0.000471673772922866,0.000770005773299505,0.000964226030574594,0.000536346244089387,0.000299573470366685,0.00134479772218969,0.00120529997582806,0.000573078037798458,0.000460778071764652,0.000437302894761467,0.000325439705779453,0.000123639089537301,0.000394051773068409,0.000423361308396751,0.000157497541415013,0.000331907250455662,0.000339530814562961,0.000307550656260419,0.000430947941288069,0.000421671066573476,0.00030648407664781,0.000244072372360793,0.000508045450409715,0.000755568842260754,0.000984957456024401,0.000540886712347904,0.00087418775016741,0.00179217306080053,0.00227546224714272,0.0115690402743976,0.00290797069656542,0.00312593778071686,0.00246717207789209,0.00616393965968112,0.00308713160048103,0.00261009683543505,0.000900431260482785,0.000983037063373193,0.00382797015682351,0.00415237195275025,0.00714593913031295,0.00661893150809799,0.0256757608131659,0.0124364123749024,0.00382410819399379,0.044753570643826,0.0169243005438052,0.0207658056877591,0.0228520214215327,0.0344677642403011,0.011364330838388,0.00954888670065943,0.00440207757190637,0.00736872454491374,0.00536749775236354,0.00428466386313436,0.00161154363622902,0.000500208203501398,0.00133615652305162,0.000627588702527707,0.000853789323281883,0.00078974069497425,0.00216947033778335,0.00310471274911657,0.00148828917162868,0.0026308571111789,0.00268356415070756,0.0011001244887603,0.00078117310281683,0.000160633462269715,0.000331710557605766,0.00112524311316914,0.00120067400446061,0.000328156741039503,0.000706158035594534,0.00173834251012202,0.00106172528149165,0.000361736717734813,0.000545314346142475,0.000785072237349264,0.000489513803816366,0.000494768222512539,0.000340049120816404,0.000330254473982828,0.000185321278561176,0.000558278410963122,0.00033003375536327,0.000380266526142442,0.000232614113830412,0.00063095476435187,0.00019969748411395,8.52444024462944e-05,0.000115634740719047,8.54328641118011e-05,0.000128960449374266,0.000175709996008625,0.000134621687773689,0.000143599291708995,7.30026004707347e-05
0.000209272037280157,0.000108940327497442,0.000237233236621275,0.00041575877344617,0.000343564888523615,0.000141199098847758,0.000215808171597662,0.000175620583450058,6.70089599197398e-05,0.000124955350929009,6.2486929966737e-05,0.000136277201211653,7.80504547341083e-05,0.000148599201580326,0.000142375629155171,0.000185647961872467,0.000214893214251553,0.000290714557948078,0.000231563157894865,0.00028679226999114,0.000994893764966357,0.000589524209367439,0.000782535606599477,0.000259327977578675,0.000284547446447252,0.000419623121647542,0.00149280837895279,0.00149714497317889,0.00126262663661494,0.000189109461079719,0.00062488237343451,0.000220355751146859,0.000247296218921357,9.91239160082997e-05,0.00047510973868307,0.000917980711188519,0.000544182827616337,0.00129269769207179,0.000803671503976724,0.000319344850189154,0.000322826547164171,0.000622138301240506,0.000172095573451365,0.000289802121176007,0.00048507999353166,0.000556322877634349,0.000814390228489039,0.000764699353193886,0.00130379591946582,0.00413440223238047,0.00560394577911258,0.00217921642686011,0.0032789027283408,0.00385237045667528,0.00297878204238791,0.000635782784971091,0.00121911015537787,0.00112926122724943,0.0014092057609034,0.00157168749242159,0.00341009321246914,0.00224121515355173,0.0061194754662377,0.0112758696526072,0.0206013338588214,0.011789839918873,0.0200591458349291,0.00915042034454756,0.0143976343149098,0.0250953060171215,0.00879170699218382,0.011400326696953,0.00801323288999556,0.00689065614832292,0.00134433879066367,0.000609383237373322,0.00434253335929084,0.00280768174480529,0.00120314743315048,0.00255973917937746,0.000463061892219264,0.00120786877057328,0.000487700774846892,0.000348450537256372,0.000504534733625571,0.000774676506338546,0.000488053887892786,0.000434281792340093,0.000161809874817,5.23949674352336e-05,0.000221963438164327,0.000328704646046203,0.00032560040204501,0.000485337595043465,6.88298219541059e-05,0.000134103436802356,0.000230909501714759,0.00078579198510776,0.000156925680153977,0.000220251007245555,0.000178309742190956,0.000470560922759504,6.70573536617934e-05,0.000314359683291884,0.000115000695063346,7.3451569137824e-05,0.00043783159885168,0.000353995116670745,0.000143793486521937,0.000217529778557485,0.000221307655312502,0.000131020844625912,0.000117238676964125,0.000234031511873614,5.65657323638342e-05,0.000150280083630225,0.000146251939171782,0.000145081356451072,8.99311866314717e-05,0.000149820350139956
0.00017375673024411,0.000145558293929821,9.62820462010446e-05,6.53707728083191e-05,9.93891258776442e-05,9.64731444189941e-05,0.000167739907954637,0.00015861345499205,0.000151877702162663,7.56929720891692e-05,0.000100580845196548,0.000137987263405729,0.000135340827679387,0.000111422703536926,0.000171564596039749,5.71156889602387e-05,0.000178854914635812,0.00017590623872462,9.19175444189732e-05,4.04711447432427e-05,7.16226328788871e-05,0.000177746266253824,0.00047471048535968,0.000577552735978864,0.00014436102745198,0.000229464236945228,0.000115013155970958,0.00118266811568877,0.000518524723059823,7.74370664574678e-05,5.58515445516247e-05,0.000107270227139718,0.000349800087484375,0.000346172973920393,0.00019212373929131,0.000351853345500429,0.000156111360135725,0.000214027165050061,0.000218376734149747,0.000161418212745311,0.000108495529586233,0.00025291709968322,0.000128350605275841,0.000131558870756805,0.00035638740484142,0.000102666936810529,0.000830957079710369,0.000271894332959618,0.000547036521330692,0.0068685147507876,0.00405341587124125,0.000420057767282007,0.000721110104153887,0.000871475329950551,0.00131406119452118,0.00050518429506009,0.000495381921260817,0.00040041795439728,0.000738210596670328,0.00113216544070657,0.00160020116635186,0.00298766210498031,0.00726054708495694,0.0137582125319397,0.0182714364711771,0.0108572539375749,0.0489457097711777,0.0298253059876834,0.0374199820344205,0.0417707661892287,0.0147731007699153,0.0126971965213972,0.00654798841730921,0.00874579522555524,0.00560404776886354,0.00223654564160657,0.0017310343906984,0.00423948312932374,0.000787303751501016,0.000349400769135509,0.000854139533499851,0.000293643374123974,0.000299391247859636,0.000676965363614548,0.000325512570204892,0.000220502481211847,0.000141275994606578,0.000241818298004777,9.19304268516159e-05,0.000153521530991986,0.000232122872519334,8.00410113825187e-05,0.000212289229248362,0.000128178479660431,0.000141360396985745,0.000100399828327634,7.45486306303121e-05,0.000385089416060934,0.000463751377628108,3.80154954380858e-05,7.2758989827985e-05,8.55986780782937e-05,0.000121878591501944,9.13255364998918e-05,0.000105686392873545,0.000355185245162224,0.000564696718173688,5.20966579454354e-05,0.000441883175770243,0.000146581116632304,0.00030566753454138,0.000105855981829963,0.000170190941011452,9.83163563132071e-05,0.000186619091205199,0.000263760229998837,0.000144278949031716,0.000243547910108269,0.000103237041150805,9.00635849031313e-05
0.000122792108365967,2.3309473148823e-05,7.49282652983109e-05,0.000138228873669779,0.000149796636238781,0.000124751911927671,6.00713732094521e-05,3.24110008203869e-05,0.000102854892184044,6.53980239747068e-05,3.50197411643051e-05,3.83823159441125e-05,7.62855913456479e-05,5.68445986574133e-05,7.99329029221067e-05,5.33941127817309e-05,3.30010814899499e-05,2.30255771758026e-05,6.31341719932743e-05,3.41553243875661e-05,0.000123318258097891,7.66789186772278e-05,8.39210218706799e-05,7.16941484242838e-05,2.38948764957707e-05,7.41276823202463e-05,3.45527610141243e-05,0.000174686412027951,1.29693023916046e-05,5.07948405699958e-05,8.83215116971561e-05,5.85402011126673e-05,4.40339825596475e-05,7.11721007197087e-05,2.64725805483054e-05,4.05535537496933e-05,7.08418553586556e-05,8.94544101149654e-05,0.000234671068699297,0.000122897621032674,0.000108474863857467,2.85652196586332e-05,0.000150607245275,0.000114173173243672,9.49555109233302e-05,4.82025907684906e-05,0.000107418362041182,0.000122245179808253,9.26006146995756e-05,0.000490289557668459,9.45380942030862e-05,0.000340867173839112,0.000208137204192388,0.000173744726905609,0.000439697010033736,0.000358976003406151,0.000230784911112206,0.000236523417699623,0.000316426332701513,0.000278950769472297,0.000964587533098044,0.00116321136889834,0.00221171378908044,0.00421389509251564,0.00284268471682269,0.00905585410942441,0.0128031253106248,0.0214739465005298,0.0357396945422478,0.01725720607295,0.00592027662543075,0.0136804716217406,0.0047760235312351,0.0027223918019931,0.00166748254859679,0.00173630324817102,0.00150678788556258,0.000803166558191877,0.000570166694885839,0.000343803306581611,0.000758153252018961,0.000414305969509618,0.00038852365242822,7.20861387866662e-05,0.000123113222610106,0.000117871059505645,0.000180869153370969,0.00010471291735724,0.00010700815331854,0.000108361242652536,0.000175619716726268,0.000120153190217616,3.66281227197272e-05,0.000127746704781507,2.69616100667792e-05,2.65782011853383e-05,0.000144813825400488,0.000149487865109382,0.000127139107849408,0.000128032874091339,7.32628732725571e-05,7.14320346107228e-05,0.000198705709038898,3.95434986287161e-05,3.7197360077214e-05,0.000102778265910102,0.000132848849892479,0.00012617493401894,0.000118894140529386,9.07663533169623e-05,0.000132503313009232,0.000106178185415969,7.32428872017147e-05,3.74106612883562e-05,0.000162890713109742,7.04368004340989e-05,2.39473701454584e-05,6.10931090025144e-05,4.38157208733442e-05,9.04971853475851e-05
0.000546119078140933,0.000650810719898886,0.00340096967472301,0.000844896206961791,0.00426455083345049,0.0428533082385189,0.137668510573361,0.126911053283969,0.155099217567775,0.0565538771685308,0.12705857071496,0.0867250385808728,0.0665841352872974,0.0395082529152526,0.050667977709827,0.0437094578843475,0.0117564352340715,0.00789671052435651,0.036194206985864,0.0781521362456151,0.19163770614413,0.23679644846943,0.138353757174651,0.10276427063836,0.106156143195569,0.0594611981324267,0.0515743758326563,0.0758228633732228,0.0279733436681599,0.0164045385781234,0.0142950152486704,0.0385948180052699,0.0668409770375258,0.0379821632864425,0.0453880147572758,0.0885627545105738,0.0744774362509849,0.0196255019332109,0.033181555303287,0.0601704066087507,0.0734858252635822,0.0783530304246703,0.0949085142989883,0.118497409712865,0.129742571466534,0.13395456613984,0.146405712174183,0.118285550870109,0.101754577568878,0.0790047422512085,0.0730054483019535,0.115037511183657,0.112502596213073,0.161786945764266,0.172994908063691,0.166249906259888,0.128602183192715,0.10584573104697,0.0642248748747172,0.0782200317116061,0.0989251843619927,0.0688819065018541,0.0311181310454287,0.0229889176229923,0.0207712302352859,0.024282460266864,0.00957793039959474,0.00696457323429517,0.00969931264588826,0.00769225501736474,0.00185810697815774,0.002843743214999,0.00296896048063793,0.00100108349870739,0.00629462544885426,0.00400025949127668,0.0168699950990451,0.0479129499124947,0.0820263683271913,0.0789973998822917,0.0517216145733274,0.0692005688763421,0.11718257287411,0.0194630520555311,0.0668279301848228,0.0566384227724109,0.067877820443166,0.050623207365252,0.0599305003368698,0.0460984528385602,0.0449571079540583,0.0392522502583702,0.0608659841304412,0.0848760947815924,0.085936722536101,0.050299559416958,0.0706079173404902,0.0741478892108628,0.0914045423377955,0.0563809908401926,0.0320481476004054,0.00222115262350836,0.0271487467367058,0.00758507247030501,0.0993596280603317,0.137824579315486,0.229382517186487,0.1031099138981,0.118745152775564,0.108989203744887,0.0933819869594574,0.0358780671842768,0.0255451287267862,0.0218318160754705,0.023970459982145,0.0168380735172299,0.00315931532159089,0.00209567162836409,0.00863050652359078,0.00365009760046482
0.0010333100946477,0.00574131665348778,0.00920003192371109,0.0161597300374314,0.0286688751031871,0.0530174136462817,0.139116585054964,0.103909188523347,0.191165445213443,0.147898611901576,0.102435759081096,0.0955096446297743,0.107254316139064,0.0650930156311395,0.0762849493951333,0.0941564381039922,0.0552294852738173,0.0545937890144071,0.08435973105015,0.0390774040617005,0.0823842383541427,0.217951384266311,0.216774234754911,0.228188511246268,0.142848504387198,0.267735286765512,0.385981649715341,0.444206001029577,0.380671849944546,0.237114716641992,0.0310664167714288,0.279458909839635,0.343566789321956,0.176005736471075,0.367084791696056,0.554405883298836,0.844957415242717,0.717249100450364,0.56079920523838,0.563227132985675,0.554487967425787,0.473330330281216,0.431446917343074,0.561087881698421,0.600002732577922,0.564520804964313,0.638039441409475,0.538474902348469,0.374610011286929,0.318388683754939,0.179573916817579,0.263895375012902,0.394577048830981,0.565324952227465,0.786452185849773,0.797264117770967,0.629275303678027,0.494027900646108,0.452762103203978,0.474520377553972,0.383074002312513,0.284442017963814,0.259049820667639,0.207688536349299,0.100397976713752,0.0742205638766265,0.0903927291422546,0.0534204039351388,0.0400349157062918,0.0435558804662351,0.0107236152931559,0.0106647045272322,0.016267214990929,0.00620380033614512,0.0131751882366234,0.0337802577353922,0.0345664953588656,0.0848682441432256,0.168531309474321,0.220240113441642,0.20132157882468,0.406210767887822,0.391372211075937,0.115766976671084,0.0442255220646033,0.172099582554594,0.123348057215508,0.162841459135803,0.136508575362267,0.0810364284700928,0.0884774492402579,0.197081974979055,0.188431192393723,0.100810762961172,0.0374573610123431,0.172168268740462,0.199642846357681,0.162873373509487,0.0873375484247222,0.106400526646211,0.166309563269291,0.129655503218397,0.0397803004532803,0.101131119849444,0.204347444150909,0.464791549298898,0.438044830804116,0.2655154351163,0.328364794823329,0.261176844193326,0.121934004791523,0.0985320716958679,0.109318204844852,0.106616075848851,0.0522552418603295,0.029874472572565,0.0447138003427005,0.0246275942443043,0.022326869078506,0.0188254939698596
0.000445975128551433,0.00109166591312578,0.00196628703274192,0.00184852610057158,0.00419048243128334,0.00683124363424382,0.0356396307091136,0.0358576909028252,0.0213654707039264,0.0206912714139625,0.0120781835439247,0.0182434909211223,0.0402107189092169,0.00875671491772263,0.0152860329781589,0.00560743612951188,0.00125921321511946,0.00236926954919675,0.00653745448484975,0.012996109095653,0.0572408397950418,0.0739472883018445,0.0112266409774032,0.015605952625444,0.0282896988649463,0.0278410967958045,0.0249929456496185,0.0208019076542961,0.0262661114437708,0.0220199010488076,0.0057626125992526,0.0267609260776167,0.00725267087935477,0.0210541413879738,0.0154579783027175,0.0313390677612271,0.0550329587651872,0.0545678862961556,0.0438111883441813,0.0594653442926972,0.0477547690263299,0.0140852101954243,0.0682633982716131,0.0758193015985875,0.0289781683160906,0.0174553383012661,0.0121362568511442,0.0223432042991263,0.0186970996061066,0.0349386205188511,0.012060705955684,0.0272062757127709,0.0291589664610981,0.0846019371717063,0.0813207480474162,0.0538261016593696,0.0119834386894363,0.0241541197984771,0.0143660038830236,0.015677729759735,0.0202605455234232,0.01081534855687,0.0163952707891584,0.0191464105398344,0.0042676166354699,0.00270181397083852,0.00546475682976757,0.00136744031088468,0.00101316880805727,0.00260041566282287,0.000373126962123386,0.00184305358676729,0.00108382619929386,0.000432922214699401,0.00158752651716266,0.00176971249660142,0.00112375908445056,0.0115802628488186,0.00645767893177866,0.0187014135059672,0.0136927017685489,0.0123716859080124,0.0100029786273706,0.00593416256065526,0.0120673611644439,0.0080221344185552,0.0122944887535871,0.01992733538004,0.0280268848719411,0.0150366813984246,0.0640867987095634,0.0413624019327589,0.0236713329835773,0.0133521128700811,0.00718588435993724,0.0264204913453936,0.0215217938181331,0.027053658532736,0.0211634400533952,0.00991314536025314,0.0123381502611447,0.028470593230904,0.00448697463998966,0.0120836487099478,0.0218018689231189,0.0185777607017705,0.0155638433893617,0.00870930081715946,0.0121950440458772,0.00645534356319463,0.00461250327295468,0.011144008362449,0.00933698222258973,0.00855404597379783,0.00108929184651734,0.00416956423567605,0.00442625010447946,0.000270810076905787,0.00256169571698482,0.00241874864537873
0.000216788490170011,4.36148996999921e-05,8.49933557235422e-05,0.000168972926961855,0.000308714082853951,0.000616345336480353,0.00067325968992476,0.00129451854307198,0.00141810759906928,0.00257891217979798,0.00179981184243284,0.00147565322652101,0.000791564537245221,0.000234825890343446,0.000390441870923295,0.000622764294857792,0.000355012238516134,0.000667653265443464,0.003221696335281,0.00811161909022311,0.00787111949741599,0.00700033423413278,0.0113446172859995,0.0205250522097005,0.0136298427544197,0.0246666875334834,0.122088623818437,0.0487568218103504,0.0331242020199794,0.00696995948703613,0.00263520623262449,0.00366334186865314,0.00290648280054209,0.00262183061691455,0.00219385912332481,0.00466735799485609,0.00787614304044051,0.008874183457577,0.00847218859688493,0.0126147853094161,0.00752484089021395,0.00651629747801229,0.00675033959488917,0.00768787152393964,0.00971353179676237,0.0164744077816209,0.0179149419008123,0.0257387491986297,0.0277355341188663,0.00993616333207937,0.0056043270500616,0.00921721042799543,0.0294821948251783,0.00617432757297451,0.0109512008477764,0.0154723663271598,0.00615236283502211,0.00766237268037413,0.00507225567517762,0.00979525047320981,0.00304881787632061,0.00105134577648143,0.000848092819703985,0.000962735950758919,0.000941419638075685,0.000921650601233729,0.000782354978729578,0.00026125889707587,0.00041467667775705,0.000331193624705827,0.000888662244669393,0.000263623791450236,0.000315565846361788,0.000765917704442298,0.00021581718012399,0.000466083398266952,0.00181423015306404,0.00862045707782243,0.0107296873810494,0.0176621592169812,0.0147297194629509,0.025041017913823,0.0288915605788595,0.00575341933729291,0.0161510278553513,0.0213207884928236,0.00301334179408671,0.00280517560367917,0.00478478465786459,0.00400162168046688,0.00505061256235184,0.00325976889459833,0.00196932939164548,0.0104388593548464,0.0107292936848628,0.00822349319517564,0.0042943760319387,0.00314389798114815,0.00940117039686269,0.0136789672526537,0.00390405195247578,0.000633914496656737,0.00687749752132853,0.00452148434951711,0.000448149881560479,0.0045052310424182,0.00404785670686622,0.00336791307031977,0.000872595490239702,0.00156864825277917,0.00166228157901137,0.000319535150752616,0.000283890754187873,0.000654553535253352,0.00025276288988609,5.73878771776675e-05,8.52127543079158e-05,0.000204989037769341,0.000115173025380192,0.000258653125500807
6.60946729784147e-05,7.82549410819404e-05,8.48335046401091e-05,0.000259819080545646,0.000288168228091347,0.0001058526227992,0.000185422951814662,0.000387325156151026,0.000520852115269688,0.000822830132177096,0.000434527136554583,0.000127392385039915,0.000106969088934608,0.000182363342530456,2.17113062579402e-05,0.000189461304576295,0.000379500638318721,7.90004144021799e-05,0.000547641596649961,0.0037742964711808,0.00300633502552079,0.00275027301927563,0.00265925187597787,0.0042341838943202,0.00529436040837066,0.005910537016589,0.00588743804139221,0.00726881712468639,0.00394781030890348,0.00143492280258613,0.00199192649147236,0.00162922794659748,0.000853618174052517,0.00173431471435989,0.000782345519385829,0.00705357172932821,0.0059290398139803,0.0069370334039292,0.00500936632310645,0.00458678959225747,0.00441357744023683,0.00588353011601091,0.00441574625093564,0.00166764156623073,0.0169736647046375,0.0251680114954146,0.0114451492110264,0.00614623209989399,0.00259418400517886,0.00647295826440297,0.00848630665295435,0.00980977885806637,0.0227942449834467,0.0140407260540624,0.00963829581651814,0.00489369040753406,0.00660000572951676,0.00675660544432234,0.00324407703828827,0.00251004492833008,0.00101708341689722,0.000568143059470167,0.00073881132350756,0.000565608851728603,0.000738648725907976,0.000280527209521422,0.000172737168279394,0.000657972499019324,0.000134526827780782,0.000408848034445626,0.000230008103950155,0.000355403946989736,0.000399965984436815,4.98691786619264e-05,0.000120537771007139,0.000147580602734724,0.00053700133290126,0.00221513785642579,0.00489740627534338,0.00415284356487939,0.00440134190218812,0.00537404130054106,0.00583453872984961,0.0214063965933662,0.00415397255188989,0.00546588440034358,0.0103755894190353,0.00645565634996509,0.00308402303279092,0.00212470833862819,0.0206000139671888,0.00802939757062521,0.00614669839569417,0.00542773197119119,0.00726815048616386,0.0109487812524067,0.00846993279641976,0.00244059043484629,0.00179275621117671,0.00636412277964254,0.00600184924530297,0.000684135076223832,0.000952648913709904,0.00599153149021667,0.001374536722117,0.000556233337404398,0.00138159721650187,0.00232776970647895,0.000935950219996463,0.00156369218314798,0.000320949410727472,0.000172218816059949,7.36877444355726e-05,0.000133133975960072,8.54362777922147e-05,9.28259864369315e-05,5.2464769870493e-05,0.000210863970399377,6.88827392850114e-05,0.000172279202637016
0.000136390173204521,7.49076364962191e-05,5.17545390437565e-05,0.000224356670639394,4.33785180681357e-05,0.000104638677374358,0.000294755617899789,0.000178127429707787,0.000517480640492271,0.000680142041778872,0.000351613993089947,0.000154841451125246,4.82926515143665e-05,4.44971389681287e-05,0.000317986624211228,9.98486907995939e-05,0.000177812267200197,0.000175851725121996,0.000552893038806848,0.00486017879690161,0.00522961950147637,0.00166860713596612,0.00311129092523367,0.00539851132722468,0.00583977605608759,0.00521153557854016,0.00813297714772434,0.00379434171306364,0.00251820434077345,0.000937451190916318,0.000721687232611769,0.000899519490497016,0.00122864457601698,0.000707066976892353,0.00113812419557309,0.00432002361856963,0.014232870553346,0.00998415223669227,0.015216509748958,0.0117408174836645,0.00576160092051188,0.00687141180421247,0.00602789399163203,0.00467802863543097,0.00616608924105168,0.0120029992552345,0.0234067987011749,0.0213474277029016,0.013661102252555,0.0691949801475254,0.0194802018388076,0.00688216944073757,0.0027726952438666,0.00219993546950475,0.00193362378254343,0.00172430194812915,0.00237498080854875,0.00156201542286401,0.00101272167579239,0.00175115834695172,0.00132276968604397,0.00129623516087692,0.000975545516715632,0.000199567170210231,0.000345709849497084,0.000289600390532542,0.000144863091884534,0.000224779956897438,9.50451408069903e-05,0.000100489427955881,0.000206052043803055,7.64076650779068e-05,0.000121075387080625,5.05583877531279e-05,6.85111449087091e-05,0.000226601457243781,0.000827154362233757,0.00361873497403469,0.00287620852581717,0.00122900538593834,0.0109219739246123,0.00270418261471504,0.00726130399155181,0.0077658987182585,0.00678720302181824,0.00643156019251835,0.00616598574630112,0.00701674676404497,0.00452148907703581,0.00381218974652666,0.00988240055373249,0.00373628233814588,0.00773726892134445,0.00576148161261377,0.00357126121618292,0.00467075657478394,0.00475149126767141,0.00310395305641373,0.00309757063136576,0.00187388993385705,0.00283791607029295,0.00158042527945432,0.00198871412953446,0.00196963887091532,0.000634025596229832,0.00250834095358825,0.0027390055998625,0.000660823443953298,0.000392034930163073,0.00191686819894221,0.0008434286079327,0.000187438966620139,0.000143393591834521,5.01835931799025e-05,0.000130041904924793,6.33532666888426e-05,2.30063800925418e-05,0.000168043423857337,4.75319566774369e-05,0.000147359754509448
8.94347993384698e-05,4.29524993730932e-05,3.74074095675162e-05,7.34838523342152e-05,5.68729803005382e-05,9.11740040063311e-05,0.00015810782169171,0.000316939703295654,0.000288029407284867,0.00028932175410635,0.000199542830967882,7.46375006663057e-05,3.50024778095566e-05,8.12118962705511e-05,8.37515871961148e-05,8.99891922299576e-05,7.82084141904228e-05,6.50293940367946e-05,0.00039505584448025,0.00424352949636605,0.00321573834544515,0.00111509635480028,0.00307298588311915,0.00204756765582835,0.00632331424798983,0.00505581017993838,0.00572016020919211,0.00209951310042331,0.000864737425316864,0.00124713543624565,0.000691779039955313,0.000673604509455805,0.000587551290800766,0.00079752507266983,0.00150281252634475,0.00529005773700026,0.00789887488878417,0.00816445231964485,0.00433800243421284,0.00501287411399156,0.0209578609161664,0.00842284894453771,0.00380652983796515,0.00205776156707174,0.0214860618142409,0.0271982402025653,0.0183579924013823,0.0352679685883697,0.00872361180548803,0.0186791402409432,0.0150027234894927,0.00572652894254548,0.00418119630882618,0.00647655553601082,0.00339966292196179,0.00339611453766706,0.00593716974510604,0.00192097111049341,0.00278220005590757,0.00185239191638022,0.00129078564685443,0.000599093341686665,0.00018731542871116,0.000376601582509548,0.000358493410326552,0.000221489426498059,0.0001259331760013,0.000154204403810052,0.000203010387876886,0.000113393913721865,8.59336309688054e-05,7.01839835883905e-05,4.10358724340104e-05,2.15954398882591e-05,7.18247958803128e-05,0.000251408621570615,0.000410206423187174,0.0023935131164916,0.00254551468938736,0.000754449606971984,0.0018660181103313,0.00114987441107025,0.00329423426723709,0.00721556013526435,0.00371050424042207,0.0037139177888702,0.00215702537696995,0.00131971314245426,0.00220430991662468,0.00696448033797408,0.00373068795305894,0.00113581486788204,0.0101633488580517,0.00978388998787189,0.00182799507686417,0.00414435288682602,0.00954759635449355,0.0268494214757628,0.00335910716056609,0.00234023835991552,0.00229510337873047,0.00497390700770448,0.00141066764690179,0.00086836450413784,0.000543591183017287,0.000378877167841029,0.000542640101279263,0.000264133129092873,0.000404164898718052,0.00117029587400033,0.000222176813052372,7.76937190316606e-05,0.000264631014306827,8.88400449365238e-05,7.45954053828923e-05,3.00132292797949e-05,8.99935404471852e-05,6.63053488396422e-05,3.76913156285328e-05,3.08639612206029e-05
0.000177826714156542,9.19515896077278e-05,0.000119918734038534,6.82213036605032e-05,1.804490142737e-05,0.000117714949453684,2.74251971345335e-05,7.85331060172801e-05,3.76472260964272e-05,5.1051689350176e-05,2.21174508767193e-05,4.56480399217444e-05,6.64122829134778e-05,7.95906763249376e-05,2.85373140888188e-05,1.02916569577558e-05,0.000120034312991369,0.000141851286952782,0.000655207479957981,0.00137986999684388,0.000885924763142807,0.00140311969133423,0.000613930654382778,0.000815544127954268,0.0009302527888962,0.00101522369827449,0.00156308259196992,0.000597769392636196,0.000212054289456236,0.000388331659774198,0.000328273380810659,0.000207051497245714,0.000190747873659838,0.00057563129109125,0.00138964177288787,0.00158421136164604,0.00149350841811513,0.00142594495641143,0.00192308888738983,0.000715069714990684,0.000779525393188675,0.00252542720136827,0.00129433380147431,0.00237946057476566,0.00918694020355349,0.0114862830271699,0.0136352624359061,0.00665746836293518,0.0206396686221211,0.00875341953540177,0.00551984579855312,0.0100283107354145,0.00495489883708195,0.00463226547927328,0.00202532805404719,0.00156973306381565,0.0033342284411449,0.002476041579604,0.00150832637888988,0.000873425765475633,0.000571885652337198,0.000302159108015026,0.000401409243264831,0.000413878992463044,0.000108640162717984,0.000135639153967458,0.000188212668341436,0.000214229797928887,4.12013879540544e-05,0.000193823642078373,7.03098864560908e-05,0.000104397124987839,8.87064094675193e-05,6.05047256812678e-05,0.00010454111462532,0.000357845849687565,0.000271318363854048,0.000625069733856565,0.0026808404241268,0.000851891364366252,0.00332420675600585,0.00225350618920809,0.00151074734914363,0.00379009904484295,0.00175351744640614,0.00595642929591292,0.00784267367899302,0.00289378718004605,0.00143507015113506,0.0034466574311371,0.00354998729296591,0.00660535186715146,0.00556328721276588,0.00133541671815436,0.00302792312391776,0.00137642818181136,0.00333603624084567,0.00234158825243322,0.00145228632746516,0.0034780869080015,0.0018058795804691,0.00195965599012753,0.000551664930027216,0.00110135531251666,0.000854419335917408,0.00180316362935105,0.000709271995440707,0.000379012878120587,0.000333048636437994,0.000452662788293516,0.000134960206189334,0.000274428261531876,4.4439869494176e-05,0.000164609227614217,9.65830285921171e-05,4.62184116079921e-05,8.38757596608756e-05,5.08355718517038e-05,8.84867445740975e-05,4.79168322656961e-05
4.63625184115075e-05,5.29046794182595e-05,0.000130966236951306,3.82833135457822e-05,5.14376908174195e-05,0.000262002744605272,0.00010632628365469,4.3857577654289e-05,5.39171864182606e-05,5.01331885838661e-05,3.08269619391205e-05,6.23162355567567e-05,3.41554691614284e-05,6.1306793401582e-05,3.06782794141957e-05,7.89442150524631e-05,0.000122253109986384,0.000210156206044689,0.000118751675576361,0.00106572123692473,0.000759281327475978,0.00113916930975585,0.00249637951788494,0.000496352715812851,0.000840115887045327,0.000491972939958923,0.000857020486009598,0.000221597760701565,0.000129291371043261,0.000295131585477301,0.000295192342713053,0.000346653853625291,7.57545750545324e-05,0.000243746776926208,0.000156844584842351,0.00302286831199861,0.000330325895156922,0.000629686918554105,0.00129337624725883,0.00162093448064177,0.00129924131480931,0.00325102783346483,0.00190393750033702,0.00107963268869187,0.00414142443969635,0.00795667291157762,0.0208980094767121,0.0148227199462624,0.0134757876163649,0.0123167066059789,0.00753056450921414,0.0033766803831178,0.002524981307647,0.00571821685205888,0.00483262903513089,0.00475799497809384,0.000716481418260209,0.000718772409291991,0.00124963449457679,0.000976924926682955,0.00140885514389992,0.000743549816629519,8.49798845494043e-05,0.000190013487721879,0.000324433825497276,6.17800704592131e-05,0.000270712589448767,0.000111693114063206,0.000140271410752208,5.14045742376694e-05,0.000157175624221135,0.000109961870054916,4.32179263790649e-05,0.00010424834617072,0.000243463338171231,0.000167552227819054,0.000261578464787421,0.000236452802255091,0.000681065762971551,0.000760942689184485,0.0035942609295327,0.0039548548383142,0.00346784782820597,0.00563030052942948,0.00194314504932564,0.00239662561129994,0.00602691496924057,0.00336664549981979,0.00477456123108823,0.00261603049638617,0.00530215266402919,0.0039423408695548,0.0056201840703788,0.0021955188653702,0.00196523393145094,0.00565601137605867,0.00503674270608522,0.00423553346381545,0.00423868791899915,0.00560844664342215,0.00212282386701976,0.00380488146119611,0.000743014213834714,0.00083678242175671,0.00121275068938512,0.000801853746641123,0.000458847543431721,0.000156059744105363,0.000430543458939333,0.000177288378266219,0.000192138823353942,0.000183992122828103,0.000167262000438261,0.000137556273164433,0.000129601347528818,0.000186782412448598,9.49362057277239e-05,0.000191898948871698,0.000154147980567238,8.61617445068197e-05
0.000122494980668821,0.000176461262251138,9.11765538251622e-05,0.000160702934457079,0.000113340414336963,4.51082330675181e-05,0.000130313187851432,6.4136875970777e-05,0.000134567609882463,7.20472044468642e-05,5.44874915930014e-05,0.000178730119335216,0.00013391195146027,6.79251118150232e-05,7.62422681671899e-05,6.25131947785899e-05,2.65472860294153e-05,0.000254327846356619,0.000606324166039139,0.000584428923375165,0.00177789258412766,0.00444447630994102,0.00102643483846035,0.000959475683153501,0.00366170653601556,0.000677085032609093,0.00178465308515078,0.00120370315811279,0.000317975592695101,0.000692035543383272,0.000941348093687891,0.000277537163006898,0.000333557333757352,0.000363937110859243,0.000642520780610083,0.00189740646321938,0.00152790099762803,0.000902854839096597,0.00048409063533753,0.000464006712407672,0.000458099327419076,0.00126218872703102,0.000697680210039793,0.000466404997417409,0.00211182270087446,0.00302080990405271,0.0054803177517625,0.00303088188141863,0.00577519226598926,0.0177047525573584,0.0049685317447256,0.0134741548483293,0.0121042386292201,0.00723226510827173,0.00648254960302525,0.00322197591578568,0.00479795712427378,0.00244828613309358,0.00445852574147474,0.00401289042440413,0.00123394598837866,0.00147816838127416,0.000582188027202187,0.000803041794162703,0.000283072544062249,0.000338901672105422,0.000214086433731825,0.000244330215494978,0.0002116380583161,0.000135700323210104,0.000407115785527403,0.000224676910241476,6.05905779703799e-05,8.19564005625034e-05,7.71642595896287e-05,0.000216116123323265,8.73837767722214e-05,0.000436116896299928,0.000237042585562383,0.00168660166610673,0.00222369523071564,0.00865855814439752,0.0139689689963453,0.0148563266379087,0.011322068878441,0.00424609412510204,0.00406688884357647,0.0175312394060935,0.00678697661942675,0.00188757681367128,0.00731860407341223,0.00365063898480227,0.00499469118184707,0.00262693869728839,0.00312634919667012,0.00650756062957745,0.00188157793513916,0.00315430029977133,0.00298432351368489,0.00300821497676231,0.00479497563892226,0.0010244414567568,0.00207100120858034,0.00167074668727872,0.000516888099803466,0.000569804344078976,0.00097435091003295,0.000288401612831887,0.000440567539053289,0.000229287520997073,0.00063489076873414,0.000238945944295453,0.000203481866958231,0.000121157990708102,6.62096947350534e-05,4.68988908523298e-05,6.21070529716901e-05,0.000179779520839761,0.000120986782442686,0.000226785049793178
0.000161690327970409,0.000162624327375103,0.000203909102547106,0.000121505553830185,9.51106887811382e-05,6.4551778131947e-05,0.000183095593031959,0.00011392986647395,0.000194141742728167,0.000145009812670391,0.00025642239574485,7.7001965785089e-05,0.000267551660362779,0.000253999493438001,0.000333953741678138,0.00010399641567242,0.000101550083885024,8.78622530084291e-05,0.000398425792386848,0.00121530560598476,0.00216326438169654,0.00225804755446814,0.0011143955010012,0.00197676321822712,0.00342018311118871,0.00347676783208961,0.00154246252901141,0.00588723471148936,0.00312019399709302,0.00218476001964921,0.00150946184697872,0.00119043045237294,0.00100694994349698,0.000340251119997085,0.000147168577793586,0.00103541220653587,0.000278402518950552,0.00036474170142294,0.000266641701801431,8.41866029134017e-05,6.96292056563772e-05,0.000270761945686401,0.000190556189121998,0.000696981243967618,0.00240636424102689,0.0092810922664333,0.00804737359095654,0.0207031670297884,0.00623534194961012,0.00299993579920903,0.0136894664235123,0.0115307301637374,0.0305997146096289,0.040437601900014,0.00810040790176142,0.00584807122081211,0.00254924310898133,0.00547296243851042,0.00415254498171132,0.00137798262843062,0.00171091554947677,0.00105424620377549,0.000833199975731483,0.000908569285006136,0.000256087960139071,0.00042820140554138,0.000289332030142886,0.000365932897067454,0.000207820937659138,0.000152743043772152,0.00023858712800984,0.000196555763795233,0.000135018759651626,5.28304766453071e-05,0.0002897469543004,0.000200235941429784,0.000318413291176594,0.000672156814276848,0.000329256017780752,0.000479569267686499,0.00652619755724029,0.00219128622959355,0.00461760094908108,0.00362833102182928,0.00713219438615758,0.00287393155120511,0.00517607305722723,0.00336127927967943,0.00338891756864783,0.00720052692053687,0.00471645233699405,0.00486368348989989,0.00228101609133686,0.00601137133212619,0.00176344557145205,0.00353219374852113,0.00711205932567505,0.00223966676583897,0.00308728866084032,0.00596739291397653,0.00133959893637003,0.003773568998011,0.000299983484600782,0.000831336208486114,0.000986733837791876,0.00086758842766196,0.0003464360602907,0.00130053163577123,0.000371540845229291,0.000139520724565355,0.000666177071066734,0.000244219547015322,0.000380302832349216,0.000389311558574054,6.95468617954354e-05,4.83184425790419e-05,5.5945976329823e-05,9.74672125024014e-05,5.96130163310357e-05,8.08236124545621e-05
0.000120034929395754,0.000372429642771793,0.000187200229230498,4.50236659692047e-05,0.000218341407251775,0.000275790932263206,0.00020652065527582,0.0005340022410863,0.000242319096931092,0.00095325695088949,0.000142524840723478,0.000758858797702103,0.000260081583973311,0.000290143786809641,0.000364300097259826,0.000214716641169849,0.000273041456361867,0.000571785954533718,0.00099974176073367,0.00268291462080258,0.00312375257680323,0.00987835460869303,0.00615407203048333,0.00319875235021797,0.0207173928679185,0.0109658758706865,0.00494818575291122,0.00492323966060319,0.00294760767107075,0.0075382913468489,0.0017404634669502,0.00324371501377801,0.00157200992918444,0.000573945187755959,0.000679166690168747,0.00211017614895038,0.00038673038242779,0.000302376273872414,0.00118558468318175,0.000389732623197926,0.000169297654768984,0.00039619057419408,0.000254890704812,0.000131762497729247,0.000959430929690161,0.0024449700325114,0.00329108528123293,0.00232789207455474,0.00364408230211375,0.0278474721492934,0.0263746608502687,0.00999332124546096,0.0204138093505136,0.00631995077813477,0.00899415867249783,0.00430708010138421,0.00201193166609896,0.0112994680059925,0.00508951876522216,0.00133064506148399,0.000504025789844002,0.00095955562956355,0.00177157653167706,0.000630932249716132,0.00118957224803923,0.000542536075505925,0.000691425085956943,0.000157665455910652,0.000182135472696728,0.000561513672904261,0.000212544503819844,0.000147239480936173,0.000110383558338789,0.00010517300752167,9.59892758002643e-05,0.000195351202836219,0.000310040253864722,0.000417721435935032,0.00130881344297873,0.000383747712190752,0.000987642302762026,0.00072919360159817,0.00200887680371682,0.00246452016737706,0.00258303817795227,0.00193514005603774,0.00248571413280399,0.00464727530518619,0.00272142379697435,0.00357365961321222,0.00116401992034522,0.00312348479426903,0.00233694266149432,0.00160534411939828,0.00156548000020738,0.00510369051199936,0.00282866830622579,0.000983704006914497,0.00166622121273011,0.00163454188454166,0.00116771813094038,0.00101531659546187,0.000600413354357382,0.000993631336476666,0.00040271185755834,0.000395397720868519,0.0011013182659162,0.000372586461172133,0.000489359519259106,0.000530608169344356,0.000394179870002065,0.00101238418069394,0.000700436464321573,9.96189901678274e-05,0.000201065867587384,0.00011586832108517,0.000257164472274829,0.000390234215747382,0.000307337170798912,9.59580411562596e-05
0.00011875254714197,0.000325559687505333,0.000516021030876082,0.000245205618777738,9.57149993828979e-05,0.000133815256093785,0.00023188087721475,0.000166351149846065,0.000639114670687496,0.00109064313760629,0.00222450615597953,0.000867545692685187,0.00137664341963466,0.000864987347597465,0.000532698661564613,0.000190015124402668,7.73763504092504e-05,0.000430403506026313,0.00134672411755472,0.00320826435778947,0.00276434566768047,0.0114712139098326,0.00983804896216145,0.0168830007856949,0.00665289086037865,0.0144657281455573,0.031646383844841,0.0182347199935384,0.00617210092535255,0.00483692655809878,0.00631945077551598,0.00796443794113147,0.00223868842345523,0.00418551337208849,0.00359206912589369,0.0031310704778011,0.0015419925366602,0.00144610056841929,0.00117551249276571,0.000417463826940209,0.000141540544781103,0.000227515798683935,0.000429230371862127,0.000200206005600158,0.000688210494735768,0.000484859112794184,0.000554460124841802,0.00090006259303515,0.00167618675787701,0.00929754756484088,0.0218923662309544,0.0185344445715363,0.0247116503291713,0.0262582090379366,0.00737939834147625,0.0102794398420355,0.0225974096399745,0.00769341174237709,0.0147760606902015,0.00727755392180747,0.00396537731118236,0.00380212969220439,0.00257087874191938,0.00253085191987644,0.00122021510388295,0.000978604799239659,0.000803027104018986,0.00138374071071017,0.000658234645065443,0.000286864674500686,0.000411358350273161,0.000188979034222814,0.000171108792449043,0.00014849433075172,0.000186652593242593,0.000253817835502324,0.000319616203649027,6.66959637202174e-05,0.00116744214718331,0.00180599667617926,0.00189665434609388,0.00241947789588918,0.005646722820553,0.00387197489847097,0.00139184758580697,0.00825411114787479,0.00938464238031367,0.0105515589819109,0.00358735534338404,0.00449864917962056,0.00484616533025168,0.00500550643556362,0.00412337236096804,0.00330384506311826,0.00225522289643886,0.00192867428083534,0.00280729957109241,0.000814653969030357,0.000761961968324324,0.00122007691313196,0.00171182723351521,0.000970674869199827,0.000322799223098779,0.000329830292884687,0.000509246752066157,0.000304933761825062,0.000484520464118618,0.000583701841233765,0.000678917950030438,0.000318759562295856,0.000399264782163048,0.000284641538592286,8.9846040282975e-05,0.000223231430672719,0.000181430460544521,0.000174937055234703,0.000283427648695721,0.000281030976331907,0.000173258969709472,9.26058887299253e-05
0.000127662202635975,9.30351620375571e-05,0.000215668382578318,0.000327363839085193,0.000188254147617838,0.000116157960188952,0.000600257490123962,0.00148449227787256,0.000444435325683372,0.00062928734590291,0.000388089476393949,0.0002427160845041,0.000115049267150098,0.000421735808611529,0.000179761410607381,9.58178880188279e-05,0.000491637899290254,0.000338102185530327,0.000573149102793243,0.00409980575918438,0.00250702468464918,0.00334416560926575,0.00831090169646638,0.00550764023242956,0.00729208055812478,0.0237352732208024,0.0141776470813541,0.018515618475313,0.0122283271386569,0.0195452473239523,0.00744935360766743,0.00645080185609006,0.00569355979024742,0.00350260677421909,0.00183631981659365,0.00327522211309489,0.00431448022694373,0.00118457338358877,0.000999939555079773,0.000217574948569197,0.000747785493416724,0.000456762140786671,0.000214047416336818,0.000301413586687442,0.000576106358773924,0.00282427170560247,0.00177208397900926,0.00308614702690779,0.0153690194105028,0.0297755256318372,0.0367844462618239,0.00565420464059416,0.0409076399639033,0.0462012901697411,0.0255784275162503,0.0101674907892768,0.0184637424335888,0.00548483084879401,0.00577841245616128,0.00785935471367976,0.00124999353667705,0.00764862225223878,0.0039505475560489,0.00764278645259217,0.00357435070911632,0.00157880690400274,0.000304545647608902,0.00145920701836066,0.000367881790922134,6.67754780366168e-05,0.000479162095872993,0.000191948868195342,0.000487624921599507,0.000536384584016658,0.000126076936783299,4.85387283452094e-05,0.000256228644428838,0.000109976033105252,0.000108923402011176,0.000270211123036288,0.00027518615034021,0.0019476471882389,0.00379642726264474,0.00295072242347075,0.00333418540416042,0.00973371690777386,0.00225468984244151,0.00827652135995167,0.00648890842028875,0.00307072762318395,0.00408510912136977,0.00403040170192515,0.00658439159087887,0.0011549641767757,0.00352205969930548,0.00160679195504219,0.000534561410026976,0.00528800235141567,0.00217747473168488,0.00964804826578577,0.00223365508106994,0.001622579753643,0.000456015680391646,0.00144812095381485,0.000320603807556968,0.000175208360007818,0.00107577935650562,0.00090319861195896,0.000630678172225221,0.000432209240084844,0.000284080072483073,0.000532318923777877,0.000273858442106276,0.000199068028613191,0.000168614625953544,0.000145720619017939,0.0002850150638497,0.000371756525720058,0.000169533812756132,0.000311408519308525
0.00025566711171012,0.000156435412013149,0.000101247819827848,0.000217613206107822,0.000322063044517414,0.000377489461791966,0.000466272811884108,0.00022340016848591,0.000842760206088608,0.000610123061697903,0.000315484382652009,0.000453945417763787,0.00102303280433187,0.000354291496923348,7.00730516439499e-05,4.18085606610196e-05,0.000168597119705108,0.000819313396878144,0.000658333057129958,0.00405439558977858,0.0150263154511829,0.0103577902251971,0.0134922082455121,0.0111261959359919,0.0049131034714614,0.00954379273614477,0.00783334997462709,0.00465454115229278,0.00744996341210285,0.0021699209206338,0.00182896223019326,0.00311833430851755,0.00338828712975595,0.00137578828020184,0.00206342003815528,0.00300854952530016,0.00111987026845325,0.000515244889537301,0.000208132553897713,0.00045969348322588,0.000860681351090822,0.00111550908769109,6.24905114078427e-05,0.000132151480279442,0.000634296526657643,0.000344257490768052,0.00120731229344755,0.00318531646874433,0.00624928244456957,0.0156111275096201,0.0364285259652774,0.0319357338960035,0.0315887686217509,0.00969198133546467,0.00692228743293848,0.0217720121720231,0.0190673690377103,0.0113570125566323,0.00410556340988734,0.00293880138323657,0.00525628958773968,0.0144602639785275,0.00190103616189024,0.00161389801113013,0.00346489808951405,0.00109140937104991,0.00175820888939693,0.00213415027857336,0.00128215745491854,0.000261939900253495,0.000441824593033485,0.000273734805970114,0.000332890344202143,0.0010756791474219,0.000291943628376047,0.000307660342613201,0.000564323017730839,0.00024805430604422,0.00072273586459188,0.00117354108923583,0.00108352269953248,0.00045818736360695,0.000218932451091584,0.00103259779696133,0.00239269988018045,0.00129196186071913,0.00155756691765809,0.00156893829429972,0.00321691062012274,0.00199228242351168,0.00134221929404746,0.00289689930285359,0.000772074113077425,0.00172068519014041,0.00104377697302203,0.000915625107373568,0.00133499785542724,0.00122702598435402,0.000840384580027751,0.000616078687525235,0.000674748413918662,0.00117132745771969,0.000335468130560581,0.000484651124245148,0.0004546107778962,0.000506554897406981,0.000610743150784013,0.000472330073776152,0.000480560332672751,0.00037115622993023,0.000185530472672221,0.000172707270253834,0.000242815153350233,0.000285734494780334,0.000244717032299589,0.000278948186051457,0.000169921973406419,0.00025064434554753,0.000117069693264819,9.76438297686599e-05
0.000113748887858633,0.000368142179881789,0.000474347449939754,0.000431111118227646,0.00100710959953778,0.000587101268277862,0.000426013964258266,0.000785125615793404,0.00151003848156273,0.000522101145679275,0.000192633555050057,0.000459197983707747,0.000212360965964467,0.000393497030051274,0.000834917520227528,0.000156035278352847,0.000874465383565135,0.000925202842574732,0.00116284904841819,0.00220334667751982,0.00654200730503042,0.00658205830176514,0.0101191161945175,0.0094985423270019,0.0108401295038547,0.0144632769109385,0.00482722166285978,0.00459951874539169,0.0124460384715027,0.004143846508952,0.00348657044812476,0.00142939033782851,0.00119697104320984,0.00114195012766085,0.00114611925929669,0.000618217108409544,0.00139929898302572,0.000890092942459341,0.000919294853365449,0.000630756762517161,0.000683824221525458,0.000311260659539873,0.000475986406628169,0.00116234657384329,0.00158765619307393,0.00280088141038582,0.00169750723895644,0.00156734955606081,0.0037921075691522,0.00696514356306271,0.0206722347665489,0.0123257612181745,0.00644168210449007,0.020744962850952,0.0149457631863126,0.0111683172937916,0.00798941154613927,0.00281384330229316,0.00379194111637511,0.0049065787592028,0.0136619481115707,0.010686776968838,0.0110290291893651,0.0119090366620047,0.0102619614526673,0.00222319348014333,0.00159032162891061,0.00403470167531996,0.00263494533097956,0.000922804986902367,0.00182216768816216,0.000678787070348795,0.00112923114380609,0.000235024200853839,0.000293737524310231,0.000724796422790999,0.000908912395340139,0.000869227620327401,0.000267157275523335,0.000784813940621063,0.00100596813939729,0.000991319153006771,0.00170448869801372,0.00245109545999235,0.00279537247138086,0.00418506543455052,0.00486980963901782,0.000573660272417134,0.00204213125714056,0.0016421708959401,0.00196540141350648,0.00254936211359204,0.000588337523437004,0.00286436181939505,0.00198977880575724,0.00227896304484649,0.00182070275912634,0.00143386969530326,0.000463124327545439,0.000362030566451602,0.00196925544538806,0.000475629903555497,0.00103522093678721,0.00122098426880541,0.000212096499759437,0.000836398620077731,0.000122719899286251,0.000845041083372047,0.000823108606189069,0.00135171462402095,0.00048076246943717,0.000775806229622365,0.000705336959531185,0.000630580454811986,0.000284997071795918,0.000578346586824867,0.000635590250272285,0.000309894554366766,0.000177487946702006,0.000168177899173187
0.000934508053690219,0.000202390598537453,0.000354277109796905,0.00142013676323346,0.000996143118102673,0.000165498549804186,0.000604645539372382,0.000531648494047359,0.000553248151851426,0.000538783396960516,0.000299867206134834,0.000278979366441541,0.000518285233673276,0.000560287540087608,0.000983784851020595,0.000841130085191136,0.000354718521202922,0.000769712330343272,0.000590636251157347,0.000504986648067688,0.00111343865426971,0.000952930250303446,0.00354865331811845,0.00413840054202524,0.00126307389393776,0.00217956963799507,0.00365405605906604,0.00308525244296322,0.000660234941663748,0.00173541456557106,0.000437311519882504,0.000373144109823456,0.000461580257959619,0.000601969631809721,0.000402309867762919,0.00150740336295453,0.000933350471848649,0.0010002088454978,0.00200224733348192,0.000717696638375848,0.000637399128515775,0.000412747276857874,0.000514210986942861,0.0012108253083396,0.00247193458949447,0.00161514709793413,0.0020648559905712,0.00106865155250672,0.0017129591810942,0.00577193180532487,0.0159655120101915,0.0152105377238274,0.00703837338060128,0.00814089185550253,0.00245032256220031,0.00931334890587316,0.00218050925495816,0.0038038634939295,0.00320467940385757,0.00237345316610367,0.00180315844772477,0.00224607715535325,0.00238586256526085,0.00349637692444175,0.00293545022255538,0.00616689980571966,0.00216761500755612,0.00438444390965772,0.00362728587845335,0.00270849555511889,0.00136416945475579,0.00136369596613891,0.00151724166718143,0.000988229555435675,0.000485193028922523,0.000835304951224659,0.000616755850995401,0.000164248758509589,0.000471145567417629,0.00185604989614641,0.00033632415545063,0.00119300593870365,0.000120018645796783,0.00110147526501484,0.000482244691294418,0.000646287296061307,0.00129569599215081,0.000711111197104887,0.00157301020202541,0.000612745282290299,0.00113021960273377,0.000531965102467576,0.000915707516698136,0.00128133058498927,0.00058236478894192,0.00033445786223883,0.000353702065882311,0.000807148901980373,0.000405208792470593,0.000696015668586584,0.000491115298086146,0.000994280229779957,0.000344607108701293,0.000821719513938715,0.000605313282728682,0.000343663963643888,0.000475198971348646,0.0004950460856175,0.000294704622490615,0.00180031013734303,0.000843026475993937,0.000584622109167172,0.00155138577182747,0.000712981077783533,0.000299115090844505,0.000311862933231753,0.00134806203360848,0.00146230956756545,0.00113381963942449,0.000228961005035533
0.000872528191619037,0.000329558167692652,0.00108484133531186,0.000485033277729449,0.000709121446560708,0.000122765970556667,0.000777856013887206,0.000533724150584985,0.000727113854442573,0.000784588262240094,0.000178443540788886,0.000699944254202504,0.000512697458091894,0.00050701693020933,0.00076347127118724,0.000297971173388593,0.000472018688586958,0.000751395686750792,0.000318585098394586,0.000153958211108595,0.000896733463298828,0.000872899244351663,0.000538398727484478,0.000697126914965,0.00152199337714715,0.00107205887062707,0.00112094971071764,0.00156984866593754,0.000478326037303423,0.000176663568910058,0.00030277480824614,0.000778447549182878,0.000661583280721305,0.000323453791848832,0.000885733432395101,0.00192107907961626,0.00120198185907773,0.000707620278436916,0.00234277444329343,0.00137262347404475,0.00140822224430824,0.00205564361643251,0.00156128338549157,0.0019672562385456,0.00168475711269252,0.00174305841071858,0.00149017426920091,0.00175808295077613,0.0127578444445451,0.0103667236885566,0.00793982283825191,0.0227114487915575,0.00493889562844106,0.00543166688000315,0.00702572581818531,0.00143508460927584,0.00197316332839838,0.00205691941313817,0.0024161449951954,0.00174705690729712,0.00131434185973932,0.00509273360607994,0.00702183604297146,0.0109285476100427,0.0125406068874408,0.00766623095941339,0.00639427465455091,0.00721400976154467,0.00529491440693632,0.00237664615305968,0.00441502239226592,0.00440605451397966,0.00221045277492247,0.00133006183790776,0.00149508021856082,0.00210212470239083,0.000619751679284354,0.000313747020982583,0.000959464083181578,0.0021748950430289,0.00084567328651566,0.00113958444239837,0.00110746320557323,0.000160428290324855,0.000337269557812971,0.000434539363916248,0.000772014551970286,0.000499763064800957,0.000562067992009777,0.000556697703050747,0.000562146973724362,0.000342757846402249,0.000575311299243108,0.000395993995022855,0.00040276244467566,0.000461845816142364,0.00124603484909777,0.00152110612578966,0.00076324734796247,0.00164855023703938,0.000521690757106738,0.00104038522623522,0.00029357671418769,0.000563749694501254,0.000941120363365196,0.000359194948936398,0.000805956657554875,0.000415292387045212,0.00105492206009232,0.000604715001752182,0.00157103654549558,0.00151944809173163,0.00103409447819638,0.000831560805772733,0.000807071978249298,0.000575741687642084,0.00192772334279965,0.000803326450034051,0.000569873127512514,0.000696695841935706
0.000342969271935365,0.000325361439868192,0.000317746364977069,0.000242451676465975,0.000271754324371256,0.000107272882119559,0.000636843768721216,0.000556796004958649,0.000152286041186856,0.000228194366399388,0.000254546840444681,0.000331144809184464,0.000159293737433594,0.000341005398816287,0.000459635165188606,0.000200861028169327,0.000104490114999336,0.000376982199886594,0.000181619635390783,4.77371403352346e-05,0.000257227260780783,0.000191109049677537,0.00024747481109706,0.000340988928847206,0.000363353284575655,0.000390958945919784,0.000367129803147849,0.000134875907301713,0.000429089817047408,0.000392177307841527,0.000200230952322413,0.000379815764229579,0.000559119935030601,0.000285326682919785,0.000144715196761423,0.000641752530261455,0.00101373456410419,0.000412135840305376,0.000966627676883691,0.000240278174211615,0.000494773922965026,0.000349587323362659,0.000877753847514061,0.000303206205509759,0.00201221995412644,0.00222106766971689,0.000864344858501222,0.00164550651798027,0.00596942042308865,0.0101761502418972,0.0155409313727948,0.0115274628094717,0.00944651289255943,0.00214613632832202,0.00301023609951578,0.000538920302358245,0.00160612319366146,0.00222777117723977,0.000845326716127312,0.00151458974790313,0.00169942257681409,0.00539510541887316,0.0082541799794634,0.0177960603371687,0.0119898201940935,0.00725124044994076,0.0231061602368315,0.012249212020743,0.00314360568159751,0.0135622692857796,0.0140765965161768,0.0066365201928423,0.00247485156485419,0.00179094596286649,0.00366655908841931,0.00358390846737978,0.0029921567740228,0.00195126648022167,0.0035075055012956,0.00202438793300727,0.000938594619870979,0.00050256797462294,0.00148407898255938,0.000784691539731408,0.00112057356551479,0.000672343813715575,0.000780461563775698,0.000781662044800832,0.000587823286761,0.000192595571585234,0.000568532030907977,0.000525435362769157,0.00109923617063617,0.000101451887471657,0.000676721645790539,0.000473432234051578,0.000740889960128238,0.00062758562620445,0.000532593517818469,0.000717155692590095,0.000213221093865255,0.000427955044547475,0.000459911758021557,0.00053066813030806,0.000586334775464776,0.000136974717993097,0.000565155705439941,0.000540583113057281,0.000278566909845247,0.000664715611430884,0.000672804297948731,0.000970619212734938,0.000433832613155386,0.000394419261449951,0.000491004032250864,0.000413938637473798,0.000262247301564735,0.000296877570805974,0.000287475687502301,0.00022662442894613
0.000150356058491912,0.000515927385956929,0.000125261872893536,0.000409707213080641,0.000317646021676164,0.000170148874636125,0.000231079210049193,0.000298685069407668,0.000277759521143353,0.000463139336493788,0.000195560236094723,0.000170305686613254,4.6395225625614e-05,0.000187274548898953,0.000264804313608017,0.000133035009960103,9.01459471409684e-05,0.000101973051147115,0.000240506277055182,0.000251056523011214,0.000582091762655928,0.00049279010919855,0.000637101503261629,0.000458927885175049,0.000562549199103239,0.000787392675879094,0.00111448231448112,0.00164396015112234,0.00111710924566815,0.000316353818833312,0.00054159473888316,0.000647605893991419,0.000351773574241717,0.000259535068219763,7.80403070494972e-05,0.000563573211974647,0.000459477784382015,0.000181522510714356,0.000633129510562485,0.000294177586347767,0.000657347691689454,0.000265209665456539,0.00103261061384955,0.000332057545388073,0.000641445404644634,0.000972539992173108,0.00123309534642595,0.00196778161428407,0.00375290059087163,0.0134055124804589,0.0402274316045659,0.0123781387616308,0.00315490154412483,0.0164841951806555,0.00453080100754767,0.00247909144761305,0.00345408916647629,0.00226507621194986,0.00199044742937089,0.00138243101305056,0.00408665001963855,0.00260261067113401,0.00831904248059043,0.00410911093669395,0.0117147849328481,0.00927251483295527,0.0339559430414454,0.00875554028648731,0.00402655724883706,0.0251492777936046,0.0185425074036498,0.0120818780353399,0.00678602415943915,0.000914516521684931,0.00934097187569509,0.000782363618007106,0.0075267214161634,0.00416672668224592,0.00700269321341615,0.00171146060220367,0.00187285520975432,0.000775493392219776,0.00126381358810948,0.000652805085053639,0.00212960663718053,0.00075888519329263,0.000978546331468827,0.00117031657531932,0.000477802381924439,0.000263706099634931,0.000853799596637767,0.000519298800718491,0.000471545600731927,0.000912562690937915,0.000420778394244026,0.000580696954870335,0.000294432658202267,0.00107815960415767,0.000627197694660628,0.000661620263515763,0.000580752233133238,0.000534934571314041,0.000190980529429056,0.000359303970970926,0.000345318450265162,0.000150292000789705,0.00065799693398224,0.000324484986511528,0.000357573208129319,0.000217229292168649,0.000144683103800948,0.000653414421199631,9.49041102855375e-05,0.000116422661178823,0.0002161048860236,0.000384575547819693,0.000283946244219304,0.000259080920347667,0.000269500778213736,0.000214327866454626
0.000217762745141595,0.000663447838323938,9.92292148485822e-05,0.000315478397030015,0.000132079988721978,0.000226030386751179,6.09150223732521e-05,0.00018638812255514,0.000251017953418633,0.000141870752343286,0.000316092025134778,0.000275415695015185,0.000190341001819254,0.000207027498984716,0.000200634938073824,0.000199993560649687,0.000137274958236647,0.000608549192975709,0.000262840374670858,0.000280125658752352,0.000889872784439185,0.000595935684725352,0.00242808537858499,0.00118297005134413,0.000906545753108167,0.00166672318122772,0.00365387678266862,0.00244126373597736,0.00113846166181573,0.00126442755789628,0.00150359327514832,0.000795485408378897,0.000316603560729023,0.000445995760300932,0.000325926792953732,0.000354190736636887,0.000349398812670837,0.000646725212721307,0.000907158590123966,0.000564009770115865,0.000542541105984028,0.000565690140025035,0.000914503271704623,0.000239153293886623,0.00198522993105467,0.00198487585548411,0.00246486474995596,0.00506583322373032,0.00550910194672574,0.00402442629860105,0.0195488927510115,0.0138307758114907,0.0101682514312781,0.0102120704068485,0.0105163598642269,0.00312586900660933,0.00401506241277625,0.00343877840476522,0.00087853265788344,0.001135457380715,0.00467388054182398,0.00329856380231823,0.0103666821900501,0.00898508763089616,0.0100672898098939,0.0171250452068589,0.056870185479658,0.00894267521029435,0.0406302726854349,0.0216707800487113,0.0382490913587108,0.0137171396328153,0.0213286851714027,0.00769408164887816,0.00996548285100593,0.0112305377949227,0.00184119476126067,0.00384797547379672,0.00406896514802091,0.00286673454156103,0.00357465140426947,0.00318806370950742,0.00377540655986056,0.0024620543842637,0.00180216919524857,0.00157068356064101,0.00104167630752994,0.00078016842303711,0.000867747783698604,0.000345175368762212,0.00119150405770105,0.000442636352578151,0.000590245466658312,0.00100763429244835,0.000294555486787777,0.00154325965942138,0.00126151249026257,0.00103376350671236,0.00100777336235525,0.00100369504626393,0.00112980307368497,0.000524471850402782,0.000604184642795094,0.000814974156930727,0.000383592937777515,0.000238559767200638,0.000343340793152976,0.000493748607960031,0.000523906589049724,0.000211095625200575,0.000286236996009279,9.36799809975809e-05,0.000165037572869558,0.000127276053775257,0.000269012340601307,0.000245735728460649,0.00027955129861709,9.16116943184812e-05,0.000221084747082018,0.000178547368910649
0.000106378812946583,0.000271340783561186,0.00022269344231807,0.00014347160063744,0.00026766591334598,0.000358666105709115,0.000255363060292573,0.00030364179670105,0.000244193011867878,0.0001413585397489,6.00335808245593e-05,9.4316537858904e-05,0.000150863355456822,0.000237271270227111,0.000277290966590426,0.000107845032443933,0.000446275660171555,0.00070620172022306,0.000175176526292653,0.000412613704638946,0.000287973192037273,0.000445129590742577,0.000970740012543837,0.00117741143314527,0.000388009489467982,0.00051961694418046,0.00120714700672709,0.00108783641193492,0.000551825205081745,0.000390531145047017,0.000404958149744228,0.000337382550412003,0.000111827215950089,0.000635640993150369,0.000441101438351113,0.000178842260133226,0.000516622991804558,0.000838691524364064,0.000447675532955657,0.000215192475492042,0.000810733755143865,0.00024426664496685,0.000432605027247061,0.000461303139283264,0.000600098357512433,0.000457107323075036,0.00039606571695296,0.00213884549183274,0.00378563855622669,0.00344468238081869,0.0078217664094578,0.00348328317897824,0.00213382671868826,0.00344931072999055,0.00463232706573811,0.00274276641933567,0.00271349288332537,0.000326589595399394,0.000566034391813943,0.00317365423248095,0.0035172782000146,0.00446066373376731,0.0054571545235608,0.0220760051095401,0.0106616942332257,0.00260002027026548,0.0260535353068323,0.0153901186179271,0.0144956596366222,0.0311886856613689,0.032695383583068,0.0115416273085203,0.00527325218594356,0.00510455745814591,0.0107994563586252,0.00501329943527778,0.00572652681456558,0.00291983811002425,0.000552957138256452,0.00112011743273687,0.00105921385973092,0.00128873047129951,0.00154764184516752,0.000900059588485452,0.00269670131351395,0.00141903722825391,0.00184812904026984,0.00268292577504318,0.000755882843588895,0.00143091965868312,0.000289792045365595,0.000282012593502758,0.000947089135700234,0.00103205261035436,0.000318106263551445,0.000348155549169738,0.000764018776800324,0.00129430652080188,0.000233063721714256,0.000964146029511607,0.000611550184894668,0.000618282320760604,0.000267172962891969,0.000149305612072166,0.000262459238592544,0.000251978891079792,0.000334806671233415,0.000350237940553376,0.000341665405628076,0.000227603862342448,0.000430559588281387,0.00017869573588286,9.87114040542382e-05,0.000160383128115828,8.09553490484272e-05,0.000117641564854878,0.000191204272417095,0.00010947251497757,8.9365626502197e-05,0.000106048869363988
0.000264723210526614,0.000114531187869897,0.000327815692794914,0.000298902048407107,0.000125468108299323,0.000198191907280535,0.000103099892416778,0.000381451207371046,3.53907154530151e-05,0.000228201039310619,9.82480701030367e-05,0.000102567011453066,5.14018961076046e-05,7.28140396265357e-05,9.81283815957329e-05,8.26123323308932e-05,0.000246415460989266,0.000330437759701244,0.000251592726276287,0.000264529835791531,0.00105112428907001,0.000401795646148833,0.000564707466186437,0.000134304643829348,0.000227652840384887,0.000242153864311137,0.000712188611304318,0.00070821163637337,0.000803148153414135,0.000246888271099394,0.000576734701072961,7.92972107115229e-05,0.00049959188375246,0.000120362021571655,0.000298400730645547,0.000780099575079695,0.000638839806801467,0.00114240699338308,0.000965428150914457,0.000407665266396793,0.000574995232437695,0.000694625691262494,0.000360125460480592,0.000363577365320923,0.000339814300346816,0.000513529264123487,0.000604370248580664,0.000269414223728368,0.00127490964480675,0.00292764761254919,0.00604924192702271,0.00271800687809381,0.00221655335875257,0.0038072843378508,0.00183009206515515,0.000892911504334282,0.000414899439399044,0.0010243134152297,0.0014250526338528,0.00206271244883773,0.00300118095688265,0.00431401106397049,0.00469443576802613,0.00689942863197868,0.0242436494952925,0.0162430813919086,0.0152407199821231,0.00716766495256151,0.00667994165595167,0.0249039422320945,0.00986986153569569,0.00747723772804159,0.00751552865564042,0.00764890738408605,0.00462262413519288,0.00129950404191385,0.00414046019978161,0.00175395991256084,0.00174795036509662,0.00224748802076869,0.000405542177430502,0.00100157626351216,0.000246709386792395,0.000191581189853247,0.000984613361600225,0.000712734565733192,0.00066170853854751,0.000346641994178188,0.000250713055467582,9.05592705248129e-05,0.00027780175963156,0.000165773827128028,0.000290036097640224,0.000460349207189702,4.2823771087272e-05,0.000176120340265889,0.000304340930851809,0.00081378906314385,0.000406512749397049,0.000203559894817385,0.000151294525899011,0.000418628942005826,5.47252395672007e-05,0.000343366157645789,6.64651400858426e-05,0.000206316853860352,0.000542701673648517,0.00023671579787393,0.000241468184805324,0.000125683579312955,0.00027713122743588,8.39558810952353e-05,0.000141495468437189,0.000354031624145406,9.17163297923318e-05,0.000107637390253021,7.43136937563336e-05,0.000220372535063366,4.47062636163682e-05,0.000156254178902595
0.000143770528411051,0.000183551662516538,7.15707186067122e-05,5.55365667089602e-05,0.000217473648768729,0.000213952809260409,0.000153734664088285,0.000209276596984597,0.000263275411661272,4.34359009465615e-05,8.12842857326589e-05,5.88099281472585e-05,0.000115695842877767,3.78883529195353e-05,8.80998913536429e-05,0.000104654564398861,7.70119750803731e-05,0.000110260890606762,0.000119849625724264,5.95972658409687e-05,0.000129778435428228,8.94644671544904e-05,0.000343980784645848,0.00028054388839314,0.000316750162442947,0.000332998959198131,0.000296542436425649,0.00093268275002526,0.000295491132239811,0.000133593585094822,0.000113795882781276,8.75145486161805e-05,0.000352079417476378,0.000219655792723762,0.000119746180434829,0.000420588854684196,0.000208871151257573,0.000243108182468257,0.000312900439576178,0.000183979391113997,0.000218374360296277,8.79493646496385e-05,7.89243258848404e-05,0.000208656639423552,0.000282452147689383,0.000198467012947317,0.000616664248332542,0.000362827177747361,0.000438922232435994,0.00370641958753792,0.00244342045856356,0.000315819477401709,0.000679145247759923,0.000992108497882274,0.000971044577666276,0.000881834501387965,0.000579251285840529,0.00058818264996138,0.00110262034175729,0.00126440531658157,0.000899573092271624,0.00114796494098011,0.00692725290700923,0.0155194908770638,0.0236850527504494,0.0109149844659679,0.0391885514280463,0.0275019130382236,0.0301788837028454,0.0337807262531407,0.0158505566903504,0.0088326632957619,0.00558333202596423,0.00294361639365416,0.00889261161006255,0.00206846712162596,0.00310577282161202,0.00384747889518774,0.000955678636926093,0.000604605118676088,0.000563643909211587,0.00051154386395377,0.000367521331596998,0.000300022548812735,0.000205824752596189,0.000201972385263749,0.000175409301540577,0.000240011441117682,0.000191391137629749,0.000131309448267515,0.000301039435162355,0.000157578104924726,0.000253189898328759,9.08990802689968e-05,0.000245523952850814,8.85699063723475e-05,6.40275039759166e-05,0.000259391067244897,0.000387419640639707,5.62204227666286e-05,0.000179105601385126,8.8554104153281e-05,0.00010599652377116,0.00016943545959777,6.29065967515487e-05,0.000269421828469035,0.000499113897957932,6.88542998871605e-05,0.000368753778168235,0.000162453509658065,0.000257667848071273,0.000115627505237748,0.000178679703684513,5.85558147960617e-05,9.65680898082017e-05,0.000346929091085719,0.000137311698708874,0.00022174740714332,0.000116817195070253,8.22792999236601e-05
6.51062260415848e-05,2.98483630926426e-05,2.96650717442642e-05,0.000107215320788019,0.000166066300367316,0.000102607335987438,2.87885023754779e-05,4.03550379639908e-05,6.69867372596944e-05,4.77839283199012e-05,3.94983071527509e-05,7.50208343809809e-05,3.79302463611243e-05,4.8731761599105e-05,5.26768640072504e-05,0.000140031215053611,2.38473415651618e-05,6.59091265018722e-05,6.8033763510495e-05,5.49608237738664e-05,8.50944102279595e-05,1.88210680857573e-05,2.80612777229064e-05,0.000113338371515165,3.77276649260015e-05,0.000114939542898659,3.27892793088465e-05,0.000149241540233414,1.58526116973162e-05,6.00975303818434e-05,5.04166061395949e-05,5.40535080049058e-05,2.23498921980122e-05,0.000125949931141356,2.34040025196867e-05,3.76203333533105e-05,4.13724316834833e-05,5.08071991254675e-05,0.000153704627395003,3.0795868742593e-05,9.7737153753307e-05,1.87369986211167e-05,8.01885873218701e-05,6.50640669334176e-05,0.000122832541102855,9.38349982697601e-05,9.61573677383137e-05,6.59996356362776e-05,5.78792304429198e-05,0.00045084144363918,0.00027497063825859,0.000248256219319746,0.00031461885391541,5.84496869712288e-05,0.000325770066819302,0.000206051580577665,0.000134562707777802,6.84984292568789e-05,0.000187317366405773,0.000240162751724529,0.000834196267378031,0.00180438644112494,0.00228754944639364,0.00351524829972852,0.0024819254083657,0.00455826551533852,0.0106204192032135,0.0107862221700374,0.031690358610542,0.00805746654608315,0.00573738379103552,0.00531272832157891,0.00137235444619868,0.00118364748551211,0.00173903553680305,0.00103921725764411,0.00135629997046809,0.00079559765101865,0.000369167250405111,0.00070534440811774,0.000662419446577578,0.000167085654598302,0.00022805108578941,0.000195731265343338,4.16106632469334e-05,0.00011859677131021,8.11356563501065e-05,0.000111197163786928,5.6733646490939e-05,9.39516722768998e-05,9.61843188398959e-05,0.000132823437361267,7.63733756282053e-05,7.61473711227681e-05,6.01010159975762e-05,6.0327374300002e-05,8.27853287380098e-05,0.000153798739659334,7.27343622852102e-05,0.000120710123578849,5.70135158316373e-05,7.26838783677086e-05,0.000170507587489145,3.49548273553173e-05,1.6360635845979e-05,6.13210532158527e-05,0.000153756145624196,0.000152657142162051,8.83014353459018e-05,9.50663124589205e-05,0.00020640833856017,6.68578930508147e-05,4.1659005105725e-05,2.65934512976151e-05,0.000124846316913606,9.35310265320072e-05,7.65529947952238e-05,3.07866167785656e-05,3.45164807140803e-05,7.98802565431082e-05
0.000527985875399313,0.000523334501484676,0.00169908378541333,0.000342588564678948,0.00268725480100738,0.0185703235644283,0.0561437228183286,0.0863999891438419,0.0872198063755718,0.0748383992647277,0.0678911179548895,0.0673442265149859,0.0351350347810067,0.0254476553832882,0.0218632319294025,0.0189352885618451,0.00825064231770784,0.00556498185496723,0.0186381909992824,0.0310347875381585,0.0903833334773618,0.100624685701386,0.102132734002206,0.0600707831433003,0.072530734640479,0.0607855275131368,0.0512746326379162,0.0659715067162567,0.0411597724103429,0.00797159465232589,0.00633291332140981,0.0455500231291298,0.0288920137393397,0.0413716840662157,0.060961330284471,0.123099265724801,0.100992250066209,0.0440308425334262,0.0236370214377231,0.0420511562871758,0.0443779652664485,0.0467395114482718,0.053035802353691,0.0735318295576064,0.0658419629538241,0.0685853869934739,0.0736158168627672,0.0571992389846645,0.0485414300665815,0.0387676144489307,0.0279888492236379,0.0478036601251903,0.0491857788459893,0.0805020814855189,0.0651212154470301,0.0599874735474112,0.0281849376899686,0.0560509732664401,0.0236130091803089,0.0356697210257657,0.0203606681650052,0.0298815810195021,0.0294481295505811,0.0115547858562624,0.00749979715610228,0.00804315584381704,0.00806635740925767,0.00461618035739112,0.00718498943946027,0.0026622318489752,0.000796982844292827,0.000813969943087965,0.00106704813674189,0.00064787914063429,0.00281121816282803,0.00282121393424499,0.00771364374054958,0.0320760278994748,0.0258044182810767,0.0280892680210001,0.0143018330463942,0.0304249443092592,0.0420790490327066,0.00419278806011184,0.0315865952665497,0.0181493783636599,0.0287482546931012,0.0273643558448575,0.0217196823931631,0.0108497939044611,0.0213748756368904,0.00703481644569502,0.0137572754640573,0.0293756280498942,0.0259562614656341,0.0139021933576416,0.0148166622044841,0.0202824279472204,0.0289232560970974,0.0231210061089297,0.011583237099531,0.00182581020627424,0.00972051332723924,0.00510063278119198,0.0489633427620485,0.0647088607670269,0.121265155263047,0.0970269502213269,0.0632278755638771,0.0542429706556833,0.0429926931404921,0.043141579909149,0.0148834573301709,0.00771137529327602,0.00897650717675945,0.00931955520711529,0.00197028957890129,0.000575558100384577,0.00266605645209745,0.00189531738486606
0.0021823728062749,0.00614133730917743,0.00997120718703004,0.0180048051874988,0.0259408407895895,0.0317131600551418,0.0995396400080067,0.106251995341988,0.154794668122146,0.168158390378167,0.0778986068055975,0.115121845051558,0.140348303469625,0.0802436415161776,0.0680907210164988,0.0864271764577118,0.0249084721329178,0.0439411534346269,0.0667302329887161,0.0232354582138557,0.0676952234857329,0.181383678168403,0.133246832611068,0.279517645809213,0.283768647515136,0.330782901491419,0.439512604449487,0.409344193348666,0.379880360271084,0.214850918461679,0.017699255908427,0.251549740647015,0.273051096360671,0.0735338610562318,0.235432756805366,0.3248888509165,0.586220722025875,0.576319872486384,0.476998854769219,0.474528132826945,0.438147489620142,0.329680580908233,0.30569314229889,0.427014255253172,0.415793096971879,0.344168893670168,0.402333344589456,0.332120647997605,0.190101355318196,0.183497185885662,0.0571781224773476,0.112204047064852,0.233475691747718,0.355391203763271,0.591537494854163,0.653537637950553,0.473867032299469,0.335476653381033,0.343325269364168,0.326924341506948,0.25765023549029,0.183827778769971,0.180389211214431,0.158223185197919,0.0695394226889261,0.0505852146011072,0.0651656286400928,0.0417183303454151,0.0212406707941465,0.0329642121282815,0.00762983259016978,0.0114608794514284,0.0160706702099057,0.00513469123883118,0.0113080777835165,0.0265844355290478,0.0144094097819778,0.075911510991459,0.139928058546353,0.194203202126834,0.0944582848252054,0.284134115550784,0.242733614716628,0.0890420481091421,0.0485559731784945,0.0989200289616757,0.0438992572568976,0.0917955596972094,0.178502773071574,0.112038672106139,0.133483185048124,0.170627595217516,0.156701477909336,0.112518989924841,0.0742317954511511,0.145559332022948,0.149975895587025,0.136672949745689,0.122923257387823,0.132381437935543,0.130042187311331,0.116063698542426,0.029871737769833,0.100235940221865,0.110295356423539,0.27879251959503,0.321129531759981,0.150792769067729,0.185717409548865,0.174071544818017,0.0872741828585935,0.072812444986267,0.0814972119592307,0.0719887600143115,0.0328022067758312,0.0242410208160385,0.0355720777896835,0.0139690184711365,0.0137864563979449,0.0183518134375443
0.00171744525584388,0.0036066590981217,0.00374338096132291,0.00303531565902755,0.00606522686510531,0.00742850717460109,0.0305538326212161,0.0584561360155545,0.0803249103676866,0.0623690619149539,0.0234832600995339,0.0421647547165175,0.0613014608061472,0.0164612730153862,0.0408721820290321,0.012265206150133,0.00300211752528819,0.00821843716510314,0.0172878970957359,0.0476402046169431,0.121074882400275,0.133482220857781,0.0895905595784834,0.0459708317584383,0.123224725076731,0.0841184063586483,0.202593097599375,0.146627195188898,0.189159936944098,0.121456865829858,0.0382274923377483,0.0736137820983548,0.0261253306690789,0.0296224153097266,0.0568865383861338,0.0552515246230866,0.0772593265979037,0.128238869633642,0.15945260419582,0.204443849345349,0.132149589753443,0.023671901010989,0.128020335973041,0.113783423167678,0.0654151549048731,0.0305886710056344,0.022948074356895,0.0126912513810339,0.021427294146824,0.0397776913385762,0.0382483697665032,0.0578034622708292,0.0620296757560262,0.0992279018262613,0.155419037254402,0.220373377968618,0.0977723633731825,0.0747758157869219,0.0489110707024697,0.0552443825132971,0.0482032405024784,0.0295358044017855,0.0366463527472444,0.0362309732019335,0.00403723217076221,0.00691348185972987,0.00924386316983871,0.0032583851973996,0.00379769889746698,0.00668711249067634,0.00109544052378347,0.00496121541337737,0.00586355422424104,0.00415913626719472,0.00513096169378352,0.00580969922989935,0.00450071512246061,0.0525946818561224,0.0552527406928146,0.0209751470829155,0.0311757962162193,0.0554384422146648,0.043643087878107,0.0317287468246792,0.0243152082712697,0.0456988564215792,0.0269474940779608,0.080356697240008,0.0801426903621296,0.0585897657492981,0.0678365964172605,0.0797229543906255,0.0210097705732086,0.0293516589321507,0.0215324203389683,0.0591099028706627,0.0628999074315577,0.0488640695884451,0.0487525913522088,0.0337039533838876,0.0224489876600315,0.0705372761413343,0.0258519294844614,0.0494819290364655,0.0615971587529703,0.058554905837005,0.0479882465457385,0.0157737271868017,0.0398960431492455,0.0189569302409712,0.0118862229690499,0.0173783427061023,0.009960607560107,0.00663942032029559,0.00427949067954938,0.00208365098162636,0.00791296445763968,0.000681309958656859,0.00581396196223105,0.00396209265345003
0.00029180011195491,5.01368400912454e-05,9.50724770968205e-05,0.000125807568521425,0.000210966668523538,0.000672560641977149,0.00100217574731607,0.00157935912089268,0.00401783741839247,0.004502131067548,0.00201003795146501,0.00328441785032574,0.000905972914658933,0.000573125334678407,0.000933676165624569,0.000734405266534929,0.000917856883919808,0.00117817258486758,0.00871292528428342,0.0147240713832692,0.00539828743611719,0.00555666912909543,0.0115757243568522,0.0246105046614228,0.0295725503164184,0.0527572915516236,0.0940201319070368,0.114491947163784,0.0729657639354236,0.0143248035757264,0.00199976396452991,0.00428421072611344,0.00756037458345513,0.00251814765527178,0.00535433648320149,0.00586199793964161,0.0077540210907193,0.00476339231575324,0.00314635774018698,0.00717780397591607,0.00306050801985111,0.0032796734620042,0.0054851851919521,0.00755129359730731,0.00892234175721758,0.0121025190163102,0.00994959620766237,0.0191249312276588,0.0207025885283678,0.0116987119796451,0.0127457517346927,0.0118228812964023,0.0376760666406349,0.0053186730031443,0.00576777778542173,0.0178042176292583,0.00441731187056661,0.00648557751741919,0.0046623822305485,0.00505397229264563,0.00182434466134366,0.00158627698154651,0.000881667465352562,0.000944579506706991,0.000719342611988129,0.000781092062004785,0.00140824204266793,0.000334618930174314,0.000177164641886954,0.000319120879592716,0.00122462225449982,0.000493293543931815,0.000666690684879608,0.00112890977719854,0.000367728255086142,0.000482232453689548,0.00154736771512573,0.00763767764984745,0.0102467528782165,0.014462172268114,0.0149487124906743,0.0110115241475206,0.0324348435324674,0.0046218121192785,0.0337557532945416,0.0184707041539687,0.00238560399081517,0.00232451285426415,0.00539543015466057,0.00650351648780342,0.00699443107619024,0.00131555025454897,0.00221030875940409,0.0092384327022792,0.0113082556489121,0.00357009031750936,0.00185577589045317,0.00293607334373933,0.0120324178124588,0.016024390270973,0.00291145055304443,0.0013888522118567,0.0061279985581532,0.00966100695372317,0.00119701368077853,0.0107595618238421,0.00897186503890911,0.010393847254192,0.00336520110336024,0.00186599266163775,0.00273144073688757,0.000875126487751467,0.000471491371010576,0.000918583633849871,0.000364447458694208,0.000106111905046787,0.000274900438406549,0.000426341994477291,0.000156807290034366,0.000123488062014327
3.76389935711592e-05,3.76360426032783e-05,1.93181422936385e-05,0.000130059201007983,0.000179331604847257,5.24529498572931e-05,0.000104086685800285,0.000209704102352186,9.32848809809669e-05,0.000217188692655364,0.000649417902199545,7.50099308189526e-05,7.99056786535244e-05,0.000124909157812537,1.6805638863327e-05,0.000186172790947587,0.000195810954073876,2.86112722894266e-05,0.00014958143508953,0.0013310865832954,0.00362059752541631,0.0011813787507732,0.00164163390231009,0.00151430895560748,0.00390841705081768,0.00508816579869468,0.00328806077693083,0.00422602650526767,0.00164491031195432,0.00100947655616302,0.000878086849503758,0.0011351980599156,0.000411594901310887,0.00122332412611923,0.00054057640936986,0.00478833622123606,0.00141271803545653,0.00144840087410255,0.00478594386795171,0.00272686075716362,0.000812688864894827,0.00099226484993643,0.00147225892470995,0.000595783424394512,0.00411935101033402,0.00996460168062619,0.00976810811225479,0.00305998461836235,0.0016383221135246,0.00300960823758509,0.0036537673485288,0.00330886130713285,0.0113286176939674,0.00574412182818046,0.00337504812934485,0.00380791090004671,0.00314893884664927,0.00415779361290929,0.0017502462559611,0.000995153236626038,0.000599429443479616,0.000384842515777527,0.000504296464654231,0.000204909069929935,0.000426918298528855,0.000103934764717969,2.87342364015814e-05,0.000489761167390486,0.000108401779717676,0.000335902049378566,0.000128618210449418,0.000121595739050787,0.000285535252401263,7.57927457272794e-05,2.1741246356854e-05,6.62828894046268e-05,0.000440665172050227,0.001716491772162,0.00161967820248386,0.00271827914204401,0.00331733644279312,0.0033387340556903,0.00198416820610304,0.0105330472069078,0.00299697786448404,0.00356772228485321,0.00630771656842521,0.00332346122821144,0.00182350979227853,0.0016115444947759,0.0130570757049567,0.0047178791226463,0.00308223148882212,0.00516713983342087,0.00477551498237089,0.00373814142203274,0.00133340632202223,0.00121253616564675,0.000980151702960072,0.00314200258167509,0.00338721444205921,0.000430553079212079,0.00052211412383457,0.00339457848498252,0.000475620336045459,0.00043747736830384,0.00078734805662953,0.000890409300680467,0.000653719690699377,0.00105288414138514,0.000112927340501137,4.50778659302436e-05,4.33255257585329e-05,7.13962801478242e-05,3.82859296419111e-05,5.53888957982866e-05,2.89065303419613e-05,8.05363972839136e-05,7.95944053914069e-05,0.000143365896076397
4.60665362540394e-05,9.92031768327461e-05,1.85781594956215e-05,0.000144852309743648,1.55828436618371e-05,5.09468064504295e-05,9.95461227094236e-05,0.000212208407508215,0.000199609808898163,0.000367097429076315,9.81405273526632e-05,6.27135211618343e-05,6.99016100980189e-05,8.12626321154672e-06,0.000241121252653515,2.17599630249435e-05,5.55282867772566e-05,1.82571400937664e-05,0.000144494064643258,0.00162713189161708,0.000929038544435871,0.000382368257726786,0.00110454222107532,0.0021319780224966,0.00185610886649201,0.00139449503663913,0.00388410756989885,0.000865052275661134,0.000411045783682935,0.000374421518756006,0.000301001271752169,0.000170313834367464,0.000486010313018377,0.000452052756305759,0.00123974976339941,0.00173776252578017,0.00816871442904569,0.00607271675188615,0.00835995624396829,0.00528591869049232,0.00196560341154997,0.00167298159351575,0.00182340768378776,0.00232230903886925,0.0045287582023817,0.00832323180317926,0.0063770130268571,0.0116388021958518,0.012705638433108,0.0371387484263878,0.00939460277393348,0.00379807732210587,0.0018736152360518,0.0012436154471318,0.00110822151606986,0.00109226347599215,0.000777502027427739,0.000360697740088193,0.000479534354451933,0.000542248131158468,0.00064981114244157,0.000672728397397632,0.000242678791798283,0.000171478418761538,8.59300245741077e-05,9.20431997712531e-05,5.26392635938149e-05,0.000111817288787177,6.23012321171812e-05,6.42157358616619e-05,4.68644179765237e-05,2.5528777521555e-05,4.55237794574107e-05,2.29689407186533e-05,1.7782747204598e-05,0.000115567128274117,0.000186680135496587,0.00141799891270186,0.00150340136591989,0.000404967378325384,0.00592694002342292,0.00204554791492508,0.00563579550281263,0.0022235791952817,0.0049984775970959,0.00175019890224202,0.00446182896891964,0.00437822953911663,0.0035413081519636,0.00291412796094363,0.00394637346487262,0.0026022438037654,0.00197775643221531,0.00135481306707975,0.00243059230461307,0.00294106920005293,0.00295700575650031,0.00198596918400013,0.0023442015468287,0.00116590861738259,0.000987769946403464,0.000440189231370567,0.00123571151951625,0.000920702039595017,0.000546984814149739,0.00083006778392965,0.000966298480637174,0.000395498981904022,0.000242380746743549,0.000898611804051676,0.000308124306014635,0.000166609243707422,3.49167101416267e-05,4.59417850431801e-05,6.09004545037952e-05,4.36860638193457e-05,1.55056571356194e-05,0.000119237293037359,3.28212070414314e-05,5.86276225996386e-05
5.26768756648352e-05,2.06282429444366e-05,2.58484781563448e-05,1.93168162018574e-05,2.67391120633168e-05,0.000115844983658349,0.000209142636933184,0.000129190747093114,0.000205300262588939,0.000134559045814949,0.000113910076577156,4.92643077041119e-05,2.55742621846216e-05,4.81030514622947e-05,6.96670838756457e-05,6.41140463364785e-05,6.46452815816186e-05,9.12015510087309e-05,0.000324822490656586,0.00230459385039231,0.00145027905135763,0.00091265763882465,0.00176565189541752,0.000634239294631943,0.00432341822273835,0.00152039337148171,0.00197879625488535,0.000385293006244558,0.000972793050672564,0.000492765879882002,0.000519210435853203,0.000376125675138734,0.000437245082568837,0.000363896771248129,0.000790376292936673,0.00339172302568137,0.0049316636808864,0.00680173476169301,0.00188013364319467,0.0013060649948511,0.0119528394509636,0.00601697899056041,0.00235670150656043,0.00173924372929653,0.00682604873430801,0.0145921433471483,0.0113173076104156,0.0153907445902504,0.00486175718339905,0.0100953997439309,0.0114286653869349,0.00386653472447033,0.00300989550126475,0.00201658982560433,0.00166283833547044,0.00183217844184681,0.00166959579935184,0.000516565696386899,0.00174635624823365,0.00058678716233004,0.000247076924408837,0.000408424489249498,0.000226433821949307,0.000120431404920946,0.000303971057480783,5.72968676100863e-05,8.58772682412854e-05,4.5460316146109e-05,8.34813422428555e-05,5.68954318054604e-05,3.42816025410619e-05,4.36968609766778e-05,2.80849951596403e-05,5.01384871654166e-06,7.69156107250629e-05,0.000115276185686834,0.000251006255378012,0.000492816408815909,0.000583312806642244,0.00112367806224103,0.000532194776042787,0.00123054094392978,0.000928466142785627,0.00291128997102034,0.00126070930834719,0.00117080849342043,0.000650034915108987,0.000800192932213693,0.00105052237354892,0.00491154759286028,0.000801020336346946,0.000471824367359932,0.00500061670039053,0.00565877827797866,0.00123300723619681,0.00234561438714648,0.00679898360278698,0.0178751582888618,0.00133493742589836,0.00151203229499393,0.00090043950765621,0.00306938479067706,0.000818028357996455,0.000647339051898425,0.000340220758699215,0.000274090491595018,0.000407659532007772,0.00016339793563849,0.000215229779100235,0.000486474945209759,8.58526526500737e-05,3.99232284006327e-05,0.000159681440401111,4.39941134393606e-05,3.57653462184876e-05,2.2701541590545e-05,3.61137353954488e-05,3.02967932978719e-05,3.13339100412044e-05,4.08108161904896e-05
7.55636838345709e-05,4.91738738674287e-05,7.18322630853389e-05,2.4177264530658e-05,1.29289946265355e-05,9.91091761323015e-05,7.61638818864928e-05,0.00011364032999725,3.18548010550811e-05,9.96430289648558e-05,5.74929726082847e-05,5.24662995926759e-05,4.09186794371571e-05,5.28221870571121e-05,3.80423875621854e-05,1.92351199094512e-05,7.50399620643241e-05,7.52219821575973e-05,0.000466671804018861,0.00106707929220541,0.000490432893405075,0.000793354808448015,0.000677677645899244,0.000605516119122206,0.00156984023074082,0.00160682645084511,0.00181586510060746,0.000478749037902072,0.000341221512697904,0.000213402150642786,0.000178485273069664,0.000187004205195439,0.000160094557014087,0.000202053012363517,0.000652097289785131,0.00121901002933186,0.00201285626291557,0.00177305603713819,0.00138500722223369,0.0011083146693829,0.000646845676358411,0.00108449457392098,0.00075875153060433,0.000346640394738788,0.0042959394992191,0.00154797237240396,0.00770549071631806,0.00259345728861651,0.00699600233445321,0.00257907030112347,0.00222176003031416,0.00489980477276359,0.00319157818433148,0.0026062768869657,0.00190902610073605,0.00141833440859408,0.00166696994355674,0.000766030680599157,0.00159913048452928,0.000485082402798469,0.000286649861331171,0.000205086726442712,0.000262389696669748,0.000188778297644661,8.36208652280503e-05,5.60853093218489e-05,9.15329189729273e-05,8.61517232034179e-05,2.39350837413499e-05,7.70087687236652e-05,5.54464875880254e-05,8.49427411312627e-05,4.15667433621627e-05,3.46790668320339e-05,1.543332247337e-05,0.000121097727197484,0.000181130586839807,0.00103011048289753,0.00180475657485637,0.000456539161376674,0.00290951989335544,0.00123710056972429,0.000844944719044399,0.00173296167908949,0.000826244010658319,0.00414610044868547,0.00480637471263399,0.000731661600202118,0.000691049587316299,0.00187784452332063,0.00186672264816823,0.00307833254593858,0.00182609418448826,0.000727390581558947,0.00180264592078854,0.00120426039423608,0.0015716675406806,0.000541648177797206,0.0020810453737855,0.00133667041654818,0.00135368485555431,0.0013535549410034,0.000480105226478683,0.000270827074751673,0.000712973350373303,0.000979151136377168,0.000272396802365068,0.000158902749243707,5.85725372436051e-05,0.000292090435757015,0.000174606413204621,6.73743412610633e-05,4.84103919473813e-05,3.85432925367319e-05,4.7206914381816e-05,4.98034793308853e-05,4.62887672704056e-05,2.9299621661283e-05,4.8175802893158e-05,4.10251925589555e-05
3.05341333799065e-05,2.17820566044486e-05,6.12027099547324e-05,6.39936018030272e-05,4.82046011143511e-05,6.2732184120519e-05,6.04306562886023e-05,1.63881937284297e-05,2.3825739983463e-05,2.80197612127158e-05,6.12047269312464e-06,1.62886771093447e-05,1.39272999767632e-05,4.45243698472053e-05,1.9901570636721e-05,2.94067835331425e-05,6.33610832825422e-05,0.000113955532720371,0.000171336548782628,0.00110046271681205,0.00107927794075907,0.00107688118254337,0.00119741911776236,0.000205435158876992,0.00105239020403285,0.00046985653979825,0.000993958199800451,0.000178312122999517,6.58863072638425e-05,0.000450384191582809,0.000245421327126272,0.000221410284937502,4.97984781020091e-05,0.000113432101728528,8.07711399932833e-05,0.00181328465225801,0.000297309492355309,0.000300952100995399,0.000430252816570852,0.000951838878478441,0.000552715568114561,0.00135202591019052,0.000372960231013779,0.000713947702520098,0.00394801989349085,0.00511577049496787,0.0120163867219098,0.006594349793796,0.00734567828451718,0.00956491171667592,0.00671299161000373,0.00139876840933426,0.00395399545134899,0.00291007027910089,0.0015874617874898,0.00189506341192936,0.000620336342965907,0.000569154734914918,0.00127889626857567,0.000330986330189552,0.00099580203715438,0.000402947295468785,9.30810497438812e-05,0.000102080353360838,8.55433115392523e-05,6.33862770960296e-05,8.03746023604605e-05,0.000133030300395545,9.17818050240549e-05,8.9116086750246e-05,0.000106528179008771,0.000117540089148405,3.12749614995931e-05,3.21004195096167e-05,0.000133890121482817,5.60532328686398e-05,8.3335563113197e-05,0.000274242226979606,0.000517551769116861,0.000773388807991418,0.0023818535368395,0.00303302798838993,0.00108044765880604,0.00166533890222484,0.00184038422560189,0.000577142667071527,0.00364195009336498,0.00314315376412212,0.00237194053838059,0.00214260805966221,0.00453677390523999,0.00359307652527752,0.0037838228805622,0.00104974611154813,0.000758512267722786,0.00610566094783247,0.00243126230354899,0.00163278569619145,0.00465036752661395,0.00339440743615113,0.00182685977600886,0.0026635527209332,0.000547521580690497,0.000522868289707745,0.000737315194597415,0.000241202906230164,0.000418735031091906,0.000124048776409866,0.000234955437328399,0.000183648922707071,6.51715803741182e-05,0.000165917459459961,0.000104928108173707,3.87103060436727e-05,3.07632717835386e-05,0.000115862578512579,4.57850396830179e-05,0.000102711530643795,8.31895351376201e-05,7.7528886929863e-05
3.67590488561909e-05,9.9493460500474e-05,5.18834327877363e-05,0.000129522197650709,3.79568209335469e-05,1.6544532758905e-05,4.99885253396892e-05,2.72276030993317e-05,4.76699063476351e-05,2.66225040107007e-05,6.37664390220583e-05,0.000117624945731303,7.32873935070532e-05,3.44831622155138e-05,4.81446028642294e-05,2.17310244749675e-05,1.73348883597501e-05,8.03856109690406e-05,0.000241960173245203,0.000487674035517314,0.00106569223799545,0.00130925223524031,0.00102248666171007,0.00149213173343116,0.00158047773025352,0.000979620903994099,0.000589608501173606,0.00281194713610133,0.000678941080407177,0.00124655719375348,0.000963085599946523,0.00050572351210961,0.000409839991064039,0.000446155342708537,0.000523903411308391,0.00115968478112226,0.000859519043162477,0.000921868638515289,0.000899531527457427,0.000796389225819866,0.000389369826993138,0.00135726159893143,0.000322719249303266,0.000309973607605439,0.00131577093056502,0.00213169047954591,0.00294201993901034,0.0028450294284973,0.0053044896519766,0.00760116169314292,0.00360814854899423,0.00902567008507984,0.00699488828965333,0.00744945354663599,0.00196817688714938,0.00061856329464645,0.00469357504003862,0.00123766272283073,0.00159294739884976,0.00248482532288092,0.000439608252823083,0.000692934181683741,0.000371430312036573,0.000314400926759525,0.000215983925250614,0.00014851581241109,6.62083951919976e-05,5.64859731766733e-05,7.04346703550234e-05,7.28439502392142e-05,0.000120434031573646,0.000111426689933839,1.65663667504768e-05,6.71050036683397e-05,6.1237556047814e-05,3.48447590768448e-05,8.32751897065974e-05,0.000181551802852312,0.000210242214971879,0.00101690216439141,0.00161717136719689,0.00393985002171846,0.00651620235860006,0.0066276304649036,0.0038595593016613,0.00201946267016824,0.00221518532664668,0.00786522750615452,0.00165664382266653,0.00206739700306317,0.0034800274950125,0.00312195329655838,0.00187358351649557,0.00045086277696633,0.00206356844426001,0.00347203518213276,0.000686138769660276,0.000643926067555087,0.00169072912288411,0.00145332785429475,0.00240262209896634,0.000811881768674527,0.00102752975101178,0.0013244862592683,0.000228662038167669,0.000226312879866965,0.000221532540430376,0.000116232647132096,0.000154463371329481,0.000208034182514954,0.000308795601854105,9.36000854726721e-05,9.61348671010118e-05,3.95485890380867e-05,3.51927077410917e-05,2.27366284059495e-05,1.11837007921151e-05,7.54315280418627e-05,3.03332339706068e-05,0.000183160691669078
6.88072047208595e-05,4.12891347409562e-05,8.81836570515029e-05,4.29014768598953e-05,6.97184847563213e-05,6.40174443560642e-05,0.000186522582413487,0.000181830627081391,9.56308029849215e-05,0.000150405812205779,0.000272612661195468,7.69588243900997e-05,0.000138002992187558,8.8098220228018e-05,0.000220738190641551,5.88041868000407e-05,5.33605514607652e-05,0.000136544549556634,0.000113043433175283,0.00114747526862101,0.00192944458665921,0.00141634154491544,0.000763905345737339,0.00110902956342475,0.000798477633504219,0.00130183484817001,0.000638768611201365,0.00241224583740877,0.00145505792728933,0.000232033051897632,0.000527394000380988,0.00056743011114885,0.000562957572127826,0.000114537192463112,0.000104156570624121,0.000876691038273219,0.000471332183530667,0.000175598069241415,0.000168663330763976,9.17435775154708e-05,5.47505019278429e-05,0.00020112155061553,0.000172918775216495,0.000613204794884909,0.00331671167918606,0.00364763439315084,0.00240379492411404,0.00952419550956769,0.00332075872083996,0.00238397141524965,0.00359931439430877,0.00506038825498111,0.00741536894404978,0.0145428112102858,0.00424639997613769,0.00231315385030301,0.00161290704930835,0.0021214389120877,0.00280760684820925,0.000245053838778606,0.000970987530909316,0.000626764761778552,0.000399298896808275,0.000182559547232018,0.000200785602664613,0.000105872485565163,2.54833372582727e-05,0.000175825510854255,0.000119664425878259,3.83453271932412e-05,0.000177056290594063,0.000168226513021729,9.86902370755741e-05,4.48835717395773e-05,0.000171544529422281,2.96326978613777e-05,6.91342861775832e-05,0.000359383358542866,0.000128689610630323,0.000158505217699004,0.00436464136949088,0.00157953784207371,0.00622645046507069,0.00437055420498891,0.00750460859223429,0.00153964507906187,0.00240909151048914,0.00178602113638894,0.00208464956095931,0.00238627935467887,0.00284345951538082,0.00262982841459577,0.00232010273728825,0.00436039788509465,0.00190956683355571,0.0016001229533356,0.00216199264801722,0.00101593251641087,0.00128219916122209,0.00226607959342345,0.000567685125277743,0.00279796934202627,0.000189685420794548,0.000317972030608532,0.000491242875891252,0.000297047691635795,0.000317012026821152,0.000705108866405013,0.000175043426474073,9.35780811297382e-05,0.000313770318336239,0.000166185431960892,0.000298053985508578,0.000154700861486927,0.000125231707538447,5.91147396752172e-05,2.95583955849205e-05,3.00423126014254e-05,5.81501904408233e-05,5.55042990501098e-05
9.03001733915713e-05,0.000246307581041992,0.00010230475285929,2.38547868331503e-05,7.06291636978116e-05,8.1901628880475e-05,0.000123696995565611,0.000142908127991048,0.00024425435903267,0.00056556439376484,8.85704981008621e-05,0.000438911180262411,9.86197949182646e-05,7.30591065098843e-05,0.000194236136408686,0.000118043226699469,0.000274544760642998,0.000257756316255217,0.000556573761320252,0.00121133888514782,0.00142658247840546,0.00337002527249533,0.00184927367528746,0.00255994201269858,0.00948101559882786,0.00296209541733677,0.000899552405168963,0.00216052119203574,0.000927606076821177,0.00417009446017845,0.000897187283467842,0.000932534584454912,0.000430118135033205,0.000160519297901642,0.000472971158360058,0.000847809045228109,0.000110722281897318,0.000135463839692729,0.000513551824848724,0.000247918244493183,0.000166651202534875,0.000206588829791666,2.07828196474781e-05,0.000137429057325185,0.00104089590162711,0.00239077421553891,0.00303775101756386,0.00225951298828508,0.00165187289725819,0.00946343607804164,0.0163171315680485,0.00557939683082082,0.0134493402124603,0.00338909256785404,0.00477113012061388,0.00258352600461422,0.00116736197354265,0.0077393315976434,0.00251951740506804,0.00101944816028438,0.000592553212178014,0.000256365943285694,0.00102141413362268,0.000614403869537921,0.00074789113640845,0.000198762531369707,0.000272422773141119,9.39339110577265e-05,0.000145509460912982,0.000360761062153524,8.45631469553716e-05,6.98112457044241e-05,6.32825307254219e-05,4.22619937094978e-05,2.15465338253453e-05,0.000127177310589377,0.000268392945440844,8.91495636450932e-05,0.000427486112432712,0.000350196689918072,0.000374564086080078,0.000281748953811961,0.00130773989569201,0.000928020960014196,0.00157728306651614,0.00197385972655797,0.00154207081725339,0.00146580546658729,0.00173904489816361,0.00166739532124633,0.00127304010652301,0.000717872101338354,0.00134049189554671,0.000615645326235462,0.000756100160033983,0.00243955748985594,0.00141758259456807,0.000636500311872062,0.000285315211335503,0.000664534263258797,0.00111143863357914,0.000464092964051017,8.28166276029235e-05,0.000881996822743682,0.000448665847802864,0.000154760276424669,0.000633112442901732,0.000186281846328633,0.000346604475104704,0.00033204975298641,0.000209489215158491,0.000276505647582705,0.000321437372609856,0.000135391214977057,9.0180109089118e-05,6.83311842331034e-05,0.000107047544063742,0.000181925451307086,0.000244057077397624,5.07694283970959e-05
6.36170421464075e-05,0.000169224869934774,0.000161623266678557,0.000129668283817907,5.22826264597829e-05,4.62058515718197e-05,0.000165532698925937,0.000140298994934922,0.000302162781440618,0.000783636936047993,0.00110724056462436,0.000536791725461527,0.000492790630550028,0.000319060491546196,0.000219209771797402,9.28590638350328e-05,4.60283510799823e-05,0.000178707805177032,0.000627816336962947,0.00101268994676728,0.00420344843209302,0.00638138806469158,0.00307169884943493,0.0067567476373615,0.00892941866466492,0.00682964290044203,0.0144615843728152,0.00795013948622914,0.00288153312766296,0.00462818476957428,0.00287471471626439,0.0045273786466537,0.00129482670587615,0.00230611242703597,0.00264817993405713,0.00147281634621066,0.00058089259749339,0.000902417368539952,0.000199929354367771,0.000314823570212437,0.000154017487744466,0.000256348310705636,0.000256066620336119,8.22537632504546e-05,0.000231421179886313,0.000490787974258334,0.000245557419091287,0.00166211722998296,0.00167095137961017,0.00891887013689695,0.0225419192646581,0.0178593077784167,0.0160926422458221,0.0118716022424009,0.00556864012681036,0.00216294700679625,0.0107574390206221,0.00359534191183995,0.0079933854963175,0.00317790097879092,0.00385468620277856,0.00188259043398779,0.00143332529024429,0.00299972171578787,0.00155309947802916,0.000675136197306301,0.000274366671861285,0.000733347357123628,0.000261415340534809,0.000136671063144445,0.000263841652949952,0.000105450884419254,0.000127245662112373,0.000104265051825704,8.90550341449882e-05,0.000216406387129253,7.45611959526327e-05,4.1152025907133e-05,0.00069305328292785,0.000862872873457765,0.000641949393689988,0.00333233267367092,0.00711842866428698,0.0068486944942856,0.00354168883611541,0.00436011205854792,0.00363830396750772,0.00934788460637434,0.000873318664462695,0.00672570382897896,0.00476367532231455,0.00337894222609297,0.00344011476554468,0.00379848424880965,0.00264471504343696,0.00244333553118963,0.00275225003797482,0.00146342668715712,0.00110335156990912,0.00198937798382439,0.000774929428660587,0.000603580051548547,0.000558229082823694,0.0001437495331521,0.000385768775024396,0.000291721668332451,0.000198500083602329,0.000470208754516144,0.000559091980953236,0.000237688865654139,9.4643482993794e-05,0.000385099887335208,6.28459138586119e-05,9.36009383074888e-05,8.99981011064171e-05,5.46466967273844e-05,0.00011109544323533,6.60303637360029e-05,4.04283623986698e-05,7.84701191399009e-05
5.86932848482482e-05,7.67338796060412e-05,8.4264565603783e-05,0.000113961751848722,0.00017484615904157,0.000144226034583664,0.000318084514091421,0.000860412856910527,0.000273174878742188,0.000587895784992794,0.000270402595495666,0.000111316221301976,0.000120409555652295,0.000181976370047105,0.000118814585372724,3.00609895804197e-05,0.000188149563996205,5.22345893342662e-05,0.000176144818405853,0.00204692962164656,0.000477361222243272,0.00274785707397687,0.00263071202489052,0.00514200354866788,0.0104055296898152,0.0043313030505212,0.0043527600341608,0.00813203540274092,0.00396631051020292,0.00524339436832369,0.00302007683044209,0.00298174467069068,0.00366252783522832,0.00213129823328856,0.00083039296499306,0.00129990052961088,0.00200592218023132,0.000835616991445523,0.000667956386222705,0.000143160148116555,0.000455419139460893,0.000179531691664557,0.00013681151502698,8.6540384450495e-05,0.000217982592014981,0.00134304056149818,0.000937767956303216,0.00206089790787801,0.00713460599984378,0.0197763063770506,0.0227365425545572,0.00814506328173134,0.0141568605427113,0.0163885791471999,0.0201968644258622,0.00389157383810239,0.0141690273666286,0.00159269860902378,0.00252011461043336,0.00329993424338987,0.00147754810158384,0.00302660844464621,0.000998554684398537,0.00297115498137326,0.00234223319565219,0.000313730589931126,9.20391260143016e-05,0.000859718785404936,0.000281279294840772,0.000175817450381191,0.000328027803211648,3.25491595875314e-05,0.000301048368380166,0.000192110767008435,8.00831217928575e-05,3.58966377018137e-05,0.000233955249874087,0.000112264433455994,9.74810052961601e-05,0.000243340253097839,7.05956061119667e-05,0.00094183874981494,0.00241017482085664,0.00066161421443749,0.000995335379390313,0.00177213656722885,0.000572750695137358,0.00530688951488447,0.00339875257041623,0.00184814038597333,0.00205918865068149,0.00191966396629447,0.00186701645106002,0.000662386872496058,0.00080247365177915,0.00101482725295157,0.000417175529142308,0.00172469393674296,0.000515640805675672,0.00439386823046245,0.000694416534884613,0.000744130624561397,0.000244301032025276,0.000561989303331161,0.000128155008091984,9.56539197039735e-05,0.00028883521173044,0.00045646368924362,0.0002626613088689,0.000358232213809016,0.00011880599257394,0.000252534753562521,0.000150543830953794,0.000156287922786914,0.000115627371061591,0.000178542253877623,0.000201058056861468,8.74513446763522e-05,0.000120366615807906,0.000190614186628725
0.000180285684615721,9.52850198464337e-05,0.000147465359135121,0.000248061102791538,0.000112380880516757,0.000208748904931553,0.000503852601503779,8.45856276553653e-05,0.000370379928383726,0.000244104206713559,0.000421861324591224,0.000108117611071484,0.000529148769986548,0.000238706459524573,0.000104982695689764,6.28825850105014e-05,5.69427292267744e-05,0.000516858276848921,0.000279737048711902,0.00153500213795266,0.0062234885486006,0.00667521212160649,0.00583305130675942,0.00254789413258863,0.00176914783675115,0.00713861879480201,0.00376940299523738,0.00264473008303098,0.00444897960355576,0.0017015784966112,0.000840775855566139,0.00182381584103166,0.00224938346663171,0.000464756067702085,0.000409534501465122,0.00145719874860673,0.000473158682684168,0.000220544502328194,0.000361564123098331,0.0002665697228066,0.000664554948607361,0.000587539369092875,6.76435765577609e-05,0.000124966567977823,0.000230738327559353,0.000136912653219304,0.00100707110333618,0.00152593334486379,0.00163917182276827,0.0169565088333395,0.0210958632679306,0.0310829588200834,0.0225338706363377,0.0109319463522737,0.0127490432821468,0.0104096128980268,0.00898243318953432,0.00420182913418898,0.00235054193807567,0.00312289581564125,0.00238798256661787,0.00707827639799914,0.00296544968819521,0.000764875932692477,0.00335933082228124,0.000713770137021086,0.00121885521609173,0.00107538855718534,0.000633864794407408,0.000289038994340963,0.000325452989384299,0.000205954249941116,0.000352361773157034,0.000577042639059298,0.00024274715762666,0.000228241273011098,0.000226677944440063,0.000219753742026748,0.000458818158704444,0.000588904367239735,0.000376392546920689,0.000341131347026917,0.000198584910760417,0.000523488758262667,0.000533759189806054,0.000885622309432609,0.000876523233270725,0.000187247208648314,0.00138745689138014,0.000654005433539451,0.000320594532649841,0.00114932194980531,0.000497954612963439,0.000490168588719104,0.000401133656228251,0.000183114603797929,0.000599682261201062,0.000533215056820131,0.000473105473716564,0.000409306042939204,0.000483964875199169,0.000749738675654166,0.000214382955032877,0.000431223007061662,6.60164938014014e-05,0.000457173432983367,0.000200655315723256,0.000214994764806031,0.00011848215323879,0.000263039468469932,0.000101282353785273,0.000124042442023182,8.08834937505337e-05,0.000296131828529996,0.000186416358735504,0.000195208941363276,0.000108210222319312,9.82205237165487e-05,0.000171442013593847,7.10486633111351e-05
5.43536526748943e-05,0.000141769631824552,0.000350927535537453,0.000128920537085189,0.000282563420746918,0.00023230204748093,0.000449069019003028,0.000692693206243026,0.000776082099914138,0.000378094984766206,0.000168099586422163,0.000228684548394479,0.000121972859695843,0.000258246937492465,0.000497455146180934,0.000143439905524218,0.000510676818454055,0.000262350459533439,0.000452917095034385,0.000816203989923166,0.00498427503670712,0.00212476310750878,0.00737639722219311,0.00738621543235616,0.00638290810118811,0.0050842059615395,0.00490873251290041,0.00224860280634568,0.00351247133153602,0.00261435118090226,0.00411210549374879,0.00091407671507323,0.000820551049591207,0.00100438417667559,0.000769635484346653,0.00127482330381641,0.00153597277725,0.000727613008013558,0.000658389457030257,0.000697464198853283,0.00115126130554588,0.000427716527490461,0.000234613567592994,0.00135450549056843,0.00182787622553844,0.00258181589423617,0.00166739303812221,0.000811855530618844,0.00180146175011125,0.00326431156761381,0.0056878459995953,0.00916695550522208,0.00442442671758576,0.0144479382575371,0.00582546595868545,0.00431474226183891,0.00306618486579849,0.00112823171184067,0.00110374579057249,0.00339841733954957,0.00444934655187215,0.00196162296428241,0.00332192565281394,0.0141943923833644,0.00650008100794252,0.00172527862899341,0.000489954684722536,0.00248491860489479,0.000555302571747828,0.000731221796138186,0.00188862751682464,0.000566756077742982,0.000537031129414739,0.000115660812868457,9.09449791026363e-05,0.000408639861647554,0.000380445315252548,0.000348159255837129,0.000173100795666856,0.000419749826728029,0.000807718090873876,0.000697539966927641,0.0013045703754742,0.00104809139687879,0.00171686883415933,0.00306932851465774,0.00328607876088571,0.00064596179209112,0.00293215219672137,0.00182059441364399,0.00208109590542362,0.00132284919743589,0.000611353492939008,0.00178919024974903,0.00147648038609274,0.00142603209316263,0.00143339330495605,0.000473864802175138,0.000649105095137131,0.000419541899761931,0.00165029799933401,0.000185896119598369,0.00113208429440727,0.000460364488771611,0.000348752099837562,0.000397930120670377,0.000152248225785037,0.000423846520004478,0.000366019863330635,0.000422889991457099,0.000289736489621113,0.000591246740257516,0.000446545559234569,0.00023168514862521,0.000176768400819967,0.000296314535950095,0.000262367970282501,0.000196274856425194,0.000143199000544291,4.70972722353405e-05
0.000513410995861126,8.56431024296723e-05,0.000191477042113273,0.000709119034671001,0.000709024406110398,0.000262722912247918,0.000218132194575663,0.000352162193492811,0.000263985699910889,6.38313368175472e-05,0.000347000528379637,0.000238044729662224,0.000412485843241636,0.000230163144043414,0.000704505267489425,0.000535259179616138,0.000291348941300469,0.000454189936679017,0.000261288501130733,0.000189669095310123,0.00116929813071936,0.00117845917232643,0.00263897126871018,0.00272483190147676,0.00142891475348241,0.00317009254892963,0.00198340380052672,0.00247986005304936,0.000806099640537548,0.00044229116678892,0.000512818464691809,0.000238486263100066,0.000517280759598384,0.000401785353593302,0.000389334742309187,0.000509044907984374,0.000658574654855102,0.000350920256740712,0.000717575314554088,0.000279129100504461,0.000257633671786012,0.000184345531282615,0.00023067262332032,0.0004090216663477,0.000503115074518177,0.00105435318638627,0.00108997897348573,0.000847892145926167,0.00120130906980895,0.00504552984107397,0.0102756811097745,0.00491529587041554,0.00535791877438881,0.00343088272741785,0.0028154236024845,0.00825550440997711,0.00329005734437432,0.00360566818601437,0.00145006285917172,0.000791436761567989,0.00153492672597664,0.00202305886813892,0.00334885026694668,0.00453110316180025,0.00228188608930953,0.00421965840336706,0.00193684672597679,0.00255538444244161,0.00154832797122699,0.00141657284066295,0.000445413575917179,0.00110177726134109,0.00090934236406128,0.00070960445946338,0.000162731326918809,0.000518035386597497,0.0004363817689667,0.000147529870182056,0.000275630825758552,0.00091601711213834,0.000116143497072572,0.000520178438531096,0.000181052559705907,0.000449620151786109,0.000290348678033078,0.000295283004421345,0.000975324926756958,0.000424274897331944,0.000374867657448214,0.000344739407391808,0.000772224813603686,0.000338989104666277,0.000663591425460154,0.000790542255704239,0.00017720829760741,9.96820658928686e-05,0.000380057734536595,0.000273398397365737,0.000604961135470802,0.000380934960189221,0.00027499293349459,0.000496003937428743,0.000215610711439972,0.000471386616322483,0.000258278699370261,0.000209234109431953,0.000259870804881332,0.000214334750726614,0.000190209486757649,0.000774182008221367,0.000374973583553902,0.000459090060957292,0.000636450535638506,0.000249386810847039,0.000205854825773301,0.000365435601277023,0.000313645764612024,0.000657850768488561,0.000442614489274968,0.000345617291531237
0.000399346247555616,0.000187526062680107,0.000819370040469839,0.000166870758715321,0.000312590282040484,0.00014922895050951,0.000608362496098651,0.00023802045805488,0.000419344358651164,0.0003401013265525,0.000268643514868177,0.000743135079475262,0.000310157456402127,0.000327123909136786,0.000692981398278087,0.000380822765644795,0.000471823060915771,0.000352113153170494,0.000265373304234428,0.000221114516825075,0.000408391836285605,0.000776627776735446,0.000571661417128834,0.000512503116376577,0.000469869439414497,0.000466295443889304,0.000823284158042756,0.0015138005348506,0.000296231982108892,0.000381204273306248,0.000311718814664439,0.00066734089722873,0.000122979165849629,0.000244523031371151,0.000453408051744133,0.000902630493186907,0.000701444329199471,0.00103905072994969,0.00215968314935554,0.00112508400774321,0.000770917479688168,0.000778120418696328,0.000457503734511142,0.000877883523691295,0.00156943624876834,0.00104848168104135,0.000808004670367573,0.00127656275505903,0.0064196524100605,0.00535864812898822,0.00303729860454324,0.0134173568450571,0.00388972857499505,0.0024759364511618,0.00353016190212958,0.000785460648241965,0.00148305849912776,0.00111773525490056,0.000963441430835069,0.00074918911610049,0.00260239066761636,0.00290439389591052,0.00320827392131611,0.00572452290850126,0.00420769383965759,0.00360979525971384,0.00317962537898462,0.00350524879902108,0.00300595744260727,0.00192853449234995,0.00430534459335412,0.0040568856263495,0.00191645171728694,0.00274010828406529,0.000518537747120738,0.00163622544743169,0.000449931230617145,0.000119236021888994,0.000745064961770514,0.00128889915197084,0.000470633841391089,0.00045524721500928,0.000746604772146965,0.000313325855464523,0.000423568886104413,0.000307496151029949,0.000191206652374454,0.000230932133578319,0.000201233208584774,0.000399184818882504,0.000644698607856453,0.000328759463273406,0.000714212131147353,0.000123878157980442,0.000240738282503843,0.000331213676049206,0.000592166610196597,0.00062299814889805,0.000284045527008503,0.00104443374609874,0.000265409721562228,0.000293120056068832,7.63174575817385e-05,0.00041921739813713,0.000360301839115893,0.000477442888248339,0.00109651579945238,0.000225303416984852,0.000527512335581247,0.000348215996696616,0.000638214178220305,0.000836361464981614,0.000416920754445269,0.000587529698933696,0.000385240171776204,0.000406996180224235,0.00128108055780162,0.000316830258495992,0.00028744652424367,0.000259820488361574
0.000174056330708291,0.000284129062070771,0.000281635392911759,0.000126512608600857,0.000143345759050425,0.000186477367661444,0.000192216336454257,0.000218069440365199,0.000198946844597574,0.00012692487834151,0.000206404769874532,0.000228015926202738,0.000245762104275499,0.000164968092241562,0.000341112325606354,0.000122475643636228,0.000149707836570846,0.00020889631377749,9.80277713487283e-05,0.00014129870672957,0.000105633640100267,0.00014422215548007,0.000156318933736311,0.000167492594595478,0.000189828024053322,0.00022550527374452,0.000362408089662059,0.000200832792932527,0.000293581362849198,0.000278019258754595,0.000178726904095881,0.000266375947382533,0.000381803037800001,8.08172153136683e-05,0.000111360227014157,0.000886854560525323,0.000748250129032792,0.000466808247246043,0.000559643910317625,0.000337926500201258,0.00079356097124057,0.000204331147059986,0.000516119387615106,0.000483407480580264,0.00260519468350577,0.00288306287023231,0.000860585124390289,0.00224975155776223,0.00347805357303662,0.0123886949263196,0.0151220262815367,0.00838200144678132,0.0111756771513351,0.00351870768724562,0.00239563867569565,0.000488803789208738,0.00199418314950223,0.00118731241112072,0.00122812268420426,0.00193436265949295,0.00088373986789362,0.00355749094151244,0.00291874735446393,0.0163407047803589,0.00648101729424493,0.00582401417067194,0.011360931002371,0.00665321631025972,0.00464113564382487,0.00266089971776798,0.0164788869221108,0.00614632798248877,0.00382582699974644,0.00257495857575711,0.00227325852929799,0.00116697297676826,0.0021922641607931,0.000884400536945106,0.00274388424313469,0.000903609221486018,0.000362445586260174,0.000168714880043804,0.00124709951911437,0.00095604031809927,0.000542082010635729,0.000453075289565048,0.000364786987811697,0.000847500013266354,0.000416232053205814,0.000234623864697457,0.000513964478592835,0.000425308427349387,0.000935592531256622,0.000279058296552842,0.000451011848483165,0.000644861735439673,0.000263987479501128,0.00056718014105981,0.000440470527705782,0.000444676746301568,0.000124454699655005,0.000459490473214704,0.000193644266371486,0.000247207151970969,0.000250326642401662,0.000172260746931314,0.000289930595620887,0.000197863616408661,9.25808900508625e-05,0.000293402976610812,0.000628006158922265,0.000403146630838546,0.000107392202042485,0.000227142343199766,0.000348380119590887,0.000274753775283043,0.000432938087336676,0.000287511097343108,0.000166178330757125,0.000271306591876413
0.000138507188043801,0.000394309932016212,0.000136348951240851,0.000412886545975973,0.000248039521665821,0.000126235311311845,0.000199185918347738,0.000119051474537187,0.000113305009345277,0.000326079127842367,0.000116846511898605,0.000129644522315089,5.53664099505897e-05,0.000179772493288437,0.000280079456121571,5.9899263146505e-05,9.45821464843773e-05,8.62877589562663e-05,0.000123896343252986,0.000151427151089833,0.000447308679223752,0.000337048795427612,0.000306069515500853,0.000315258656501126,0.000439797055637844,0.000476201065425163,0.00047805461156372,0.000951277817229402,0.000670171864550136,0.000548387468222396,0.000336711582870799,0.000325225153360264,0.000417277183114366,0.000142861269453865,3.10866513149653e-05,0.000462363105453934,0.000262147835704892,0.00026021780859177,0.000464579862709148,0.000368301070219555,0.00070424212752763,0.000163155359540403,0.000544350593241156,0.000135137591524009,0.000522820081747158,0.000535548848096212,0.000631139533673124,0.00124140981770763,0.00199229169998212,0.00883449328586455,0.0390108006788803,0.00730279863403337,0.00428022310723104,0.00957540362696247,0.00297727141958766,0.00101143721654977,0.00210439184193645,0.000354301103830648,0.00102142491532072,0.00200364405562851,0.00356305064207559,0.0017587656329583,0.00615043443985768,0.00400409092866057,0.0105626394670828,0.00538429222029142,0.0150142823775288,0.0081348579898847,0.00347838014384687,0.00676303952494393,0.00416473917569078,0.00485933079411354,0.00214878836528623,0.00119086964412251,0.00562913682637263,0.00139455868550999,0.00204086366090754,0.00255986078273303,0.00298192878558087,0.000433473388154135,0.000778061544790083,0.000556426927469627,0.000474564288751357,0.000633955044754368,0.000584252036698462,0.00065064130959643,0.000672547564726016,0.000472523358799776,0.000373087492276807,0.000198230599444559,0.000488561821130782,0.000173865437543546,0.000180796374539672,0.000884026799131865,0.000298938728117695,0.000633096392739483,0.000499549184191885,0.000739950545111995,0.000803985192695603,0.000324906217093619,0.000353720832279636,0.00048942720938461,0.000188798512201095,0.000134504632276928,0.000234625175114244,0.000225001123891404,0.000429899341813267,0.000211081362626554,0.000280307933894323,0.000163784537622684,0.000195423662993224,0.000339380656487269,5.23055615536254e-05,0.000127039627477208,5.81563823309209e-05,0.000221005729469715,0.000196814226563151,0.000218446710430781,0.000172984133896928,0.000107364263681265
0.000209417324896439,0.000533763481953135,8.620179179084e-05,0.000161138534228349,0.000289525869620315,6.62065841919198e-05,4.00112485114952e-05,0.000245817254612348,0.000299891551922476,0.000199611206813116,0.000252289735432142,0.000254899007030534,0.000119182917572492,6.08144337803672e-05,0.000168705499646884,0.000190560789260979,2.77546172025182e-05,0.00037667366886532,0.000141050067677615,0.000164095285998076,0.000684647484899674,0.000420719462447398,0.0012788144215061,0.000523314966299534,0.000252425267135928,0.000621044785699585,0.00165491154296571,0.00117676928276515,0.000423893791769901,0.000433614855700699,0.000966228492472183,0.000427399770951481,0.000164821080867663,0.00036654248028537,0.000180141728071042,0.000334289935332631,0.000226688614115164,0.000422553746487175,0.000694704423800606,0.000510124083728166,0.000413688716838765,0.000303066215699286,0.000645655055316369,6.40519022603221e-05,0.000921377551550096,0.0015922156894628,0.000620231333022553,0.00216401872351593,0.0064723804037628,0.000831866951756883,0.0125375576102045,0.00502600307037268,0.00831749614755622,0.00586925265020943,0.00870818810825851,0.00317470605946871,0.00315885053099137,0.00153749501591728,0.000386861199444369,0.00132562928984122,0.0051828472776995,0.00546991581362894,0.00421108806598162,0.00601324241330285,0.00797497475675265,0.0123095928185666,0.03667260768705,0.00612777794450386,0.0134171405084855,0.0298697760517152,0.0221628863925842,0.00513508513444551,0.0154832978838764,0.00669897697990849,0.00648893425179201,0.0084118388105902,0.00196589907265752,0.00362573929889485,0.00222562544156833,0.00195780809554122,0.00265735432684146,0.00237129325258761,0.00303352521168136,0.00130936575286221,0.00376169361338323,0.00171377897040396,0.000654033067832436,0.000907229295406362,0.000809407764580742,0.000132498204745176,0.00106390767951149,0.000361956908759832,0.000153288098946296,0.000495043389837571,0.000132588770440925,0.000411859212386297,0.00060567271633177,0.00103217074744734,0.000615489778183442,0.000573491244419876,0.000505174915562164,0.000369554261263737,0.000388716244828764,0.000364171346454199,0.000403953076347217,8.91441197152591e-05,0.000329621618845699,0.000147903967234731,0.000368791356053117,0.000121606421907232,0.000303739901230744,0.000171323666108435,9.28923325251668e-05,9.37977115986379e-05,0.000167580634503786,0.000279887164249538,0.000161273949085927,0.000169345695372084,9.84564753084206e-05,0.000170351579319196
0.000125193613123282,0.000121497427694774,0.000277201762874541,0.000162984215294279,0.000194402476820409,0.000364771973776138,0.000197259857498885,0.000280216196611417,0.000137562528745625,6.84249317917609e-05,7.63916013497968e-05,6.28875957757089e-05,0.000147743498378734,0.000134914534157239,0.000117660141284595,6.17568414089314e-05,0.000278640617790411,0.00043378370295314,0.000143042937549448,0.000639475443557257,0.000411840492629304,0.000499738892452164,0.00109464115097385,0.000782453955990128,0.000415059863964944,0.00041112502180409,0.000620032110877286,0.000286437935083136,0.000407336070670383,0.000130979809056431,0.000189541699578149,0.00026179714050452,0.000168736731785235,0.000530798210364973,0.000216312606080625,0.000188544050610228,0.000629456186499014,0.00100657364515039,0.000555555706522774,0.000293068716928776,0.000617074662854542,0.000203188559286828,0.000533494631339923,0.000303291710996345,0.000430074571744277,0.000493523457154462,0.000447643904362122,0.00195838588378526,0.0030868355373299,0.00424145887799468,0.00310726887207319,0.00264715267241999,0.00212897662259113,0.00312845453158583,0.00234505411268511,0.00143976227256598,0.0017110475008461,0.000539401721406468,0.000265044471756577,0.00182909539185063,0.00383219327600573,0.00187427574288548,0.00446872718424983,0.0127279707804605,0.0045356694377951,0.0083980700323066,0.0144661320615646,0.0119233846914728,0.00731355535149706,0.018685114991814,0.0136014750012199,0.00963031644169645,0.00636883378636937,0.00648842617372402,0.0133372088897417,0.00353253852513589,0.00483507010325569,0.00342000904305837,0.000879763413868491,0.00122982272021727,0.00158440754994388,0.00114627934510683,0.00168780654315054,0.00118940198703627,0.00109222976002221,0.00144828542385515,0.00146731741406916,0.00121439312251989,0.000198859183164903,0.00102478369761523,0.000418052296683276,0.000160684808594988,0.000346663190454128,0.000907249951458971,0.000299550265871764,8.60632092374989e-05,0.000337526461445513,0.000946955899691489,0.000215803556165418,0.000698054599096802,0.000539349955732603,0.000403985166589451,0.000341073131553131,0.000121657157246675,8.46621178974098e-05,0.000170578998197073,0.000138273625847191,9.77332768890066e-05,0.000248751324320088,0.000174939733642345,0.000200117642696791,0.000142914765201738,0.000194038975768217,0.000228253396583421,0.000183548132196664,0.000179575709671773,0.000184390902681841,0.000166794886400383,0.000128367236779547,0.000136732860093453
0.000283470723480705,0.000132708290771728,0.000265105883340563,0.000155696080546328,3.7344193755987e-05,0.000259013207411774,0.000184803747928237,0.000321274730792833,9.3988706422351e-05,0.000134160256662201,5.671951135546e-05,0.000123916831742037,9.306186401932e-05,9.20758939929328e-05,0.000115355211544631,3.80453407771242e-05,0.000171695570821556,0.000173996459808434,0.000160013864841703,0.000134428446636132,0.000621145160925243,0.000181368259578825,0.000116332089126196,0.000120005504483566,9.81418184683448e-05,0.000152773766789615,0.000320679143085656,0.000357629038363483,0.000469781265591618,0.000421871576005507,0.00017889260043441,6.26540113276576e-05,0.000365546903250821,0.000189442372844176,9.85678443742038e-05,0.000494376843262061,0.000373836389836714,0.000475057319557082,0.000645819247457516,0.000314010424554012,0.000617437844027649,0.000339470587740665,0.000320359439885809,0.000331702609984227,0.000214988908036424,0.000425234065923815,0.000543350530867982,0.000621603278972031,0.00102312263485098,0.0015179799772133,0.00182425646332979,0.00153519472780757,0.00147898648507255,0.00341719294435514,0.00162839043325647,0.00113389098909286,0.000329042686815428,0.000789781695520911,0.00111400577910377,0.00179277428514748,0.00146411277053115,0.00350764313930021,0.0038069754884593,0.00556843857461221,0.0186585781151253,0.0203037079141427,0.0196827226786702,0.0154120466585526,0.0123214879252118,0.0285248435522074,0.0258122036337019,0.0129692902885863,0.0076080363512046,0.00600421247230213,0.0101073246023704,0.00154043050917554,0.00390306371031776,0.00177203549542205,0.00236610943220277,0.000885026465647192,0.000644537141659588,0.000485027745898908,0.000214580521596195,0.0004255502495095,0.000931890879319255,0.000609462740586945,0.000731663859180493,0.000203787208836644,0.000190783796801102,0.000190668473192283,0.000173636122700781,0.000312711497642486,0.000308985485832388,0.000222038411601613,5.7610694344122e-05,0.000200746436336726,0.000385073556068025,0.000615608280612013,0.000491318091077075,0.000232876226568189,0.000213934047872892,0.000159349228667896,7.3040305658628e-05,0.000206002125474107,0.000116243763733725,0.000312462808265069,0.000379913609881152,8.88219378945788e-05,0.000285268893746059,0.000228972674421017,0.000197878717650189,3.56977480515661e-05,8.36773137384192e-05,0.000259818404167436,0.000154112978860563,3.48461775532153e-05,8.37405885584614e-05,0.000134912482766962,0.000132051845931569,0.000144702263234484
0.000139350189855858,0.000207081240074064,4.98034408155037e-05,0.000102408252380392,0.000275999421574485,0.000256011452959958,8.42901869073048e-05,0.000160481948896131,0.000235120388696862,6.47016497172008e-05,0.000101390911470495,4.45039151498649e-05,9.15356359818901e-05,1.10851586231925e-05,9.175066364174e-05,8.07630865732759e-05,9.81044832855572e-05,0.000122041998654944,0.000124298221378799,0.000126237279688657,0.000220227936922139,6.13824354463201e-05,0.000190259631628296,8.09779060778111e-05,0.000373503272570025,0.000177314958899835,0.00020929234454916,0.000598682927351792,0.000179738096376623,0.000196451789987193,0.000161957978236904,0.0001066229141516,0.000174691873115502,0.000221094931264855,4.87743166020302e-05,0.000334241732019624,0.00012752267994409,0.000144255321807892,0.000284946481915215,0.000139217751993771,0.000206668007115785,4.63203937336954e-05,2.76042178982593e-05,0.000224944138161668,0.000136015426986628,0.000297889390063851,0.000202743486729878,0.000279358459794606,0.000122764872339196,0.00140948609551298,0.00310092006425795,0.00132002358139839,0.00131044639052344,0.000298792360379281,0.00120148705544703,0.00165675442058016,0.000746432217856799,0.000552890710207588,0.000881409428428732,0.000807702964296442,0.00183413209376181,0.0013490134260051,0.00559105615913158,0.00878323743537958,0.0125279178485527,0.00981782887889244,0.0204437546742812,0.0181812218554965,0.00968249848956258,0.0152800485906758,0.0136109143964658,0.00602924793597283,0.0085127933718245,0.00496801735527942,0.00674974596135209,0.00237201825968745,0.00381881749751252,0.00237107459068631,0.00117467846479958,0.000415704198543397,0.000701116485994555,0.000345128716247056,0.000252333136411278,0.000235817077640988,0.000170179317039689,0.000197119755289566,8.15063829451901e-05,0.000186590517941646,0.000174838138805633,0.000212897046512178,0.000242063473974326,0.000222196150818289,0.000170127603238401,0.000127768356621,0.000256339820480693,8.52034630338729e-05,0.000124187299387262,0.00016114939669657,0.000103767016986764,5.08038124433819e-05,0.00020616513290178,4.17161743362771e-05,0.00010640664926072,0.000161949452097184,8.20259470904673e-05,9.81743637147049e-05,0.000186960924037648,9.26859316785043e-05,0.000222875089267585,0.000111406854454853,0.000117315489355761,0.000117855641234557,0.000182720770140197,5.93014069771556e-05,4.56401591566113e-05,0.000208611685783823,8.8110292744332e-05,0.000103712543522753,5.92137044257761e-05,8.44092978697026e-05
2.52321817101899e-05,2.35343061200978e-05,2.94356187305022e-05,6.06516708407433e-05,0.000110267305186379,3.25041066453092e-05,1.75117820107102e-05,4.72330776858179e-05,2.68382513349184e-05,1.86567643670407e-05,1.69857111012543e-05,5.63108628827724e-05,1.59895865433812e-05,4.21787069466045e-05,3.73988335552324e-05,0.000131573865877022,3.16858876007802e-05,6.10847871497538e-05,3.65893298208287e-05,6.05115012824744e-05,7.62291994437593e-05,2.12300019324515e-05,5.58384582535406e-05,8.77305506940216e-05,3.7542087384254e-05,6.2393758384049e-05,3.03556444952681e-05,7.17333500627557e-05,1.68762775123506e-05,5.20996425850909e-05,1.46095707052989e-05,4.14291954265937e-05,1.64311768162041e-05,8.58028150181819e-05,2.00897579376914e-05,5.13942436818997e-05,3.32322771491494e-05,6.85589664060229e-05,5.84080382876098e-05,3.53503416118125e-05,2.23640087237787e-05,1.83092312610386e-05,2.43360178667835e-05,4.97814910977724e-05,9.27573181118422e-05,6.47435774972653e-05,6.60242061363615e-05,0.000100696109354221,2.99977869850521e-05,0.000445413478258209,0.000421187109947772,0.000110196448753487,0.000321548829732116,5.6045971708642e-05,0.000261412700945894,6.67727300774977e-05,0.000130564039059748,8.56523331075215e-05,0.000176932144141726,0.000227120675094522,0.000817159495132687,0.00168542314367109,0.00173369659153106,0.00332132754999666,0.00348431741138418,0.00146200626455518,0.00336042870241071,0.00368992646376602,0.0191752108674678,0.00339980818055941,0.00480294382429223,0.00229826915294881,0.000510459082953281,0.000615841380509255,0.0012940772578897,0.000259626952231619,0.000774531154492586,0.000800329400438372,0.000584032353650434,0.000579521816498906,0.000298798142904727,0.000135633282202461,0.000159799150168288,0.000210678998300656,5.9069981979872e-05,7.28987033815398e-05,2.23142640384727e-05,0.00010293224602837,5.27924296870271e-05,5.69830677568296e-05,2.72267399803279e-05,6.93953761973157e-05,8.49190453487118e-05,4.56153387991425e-05,0.00011789794915989,7.30790883866588e-05,5.83658260097508e-05,8.58794085359296e-05,6.60274682089532e-05,9.49272018550418e-05,5.32339128607494e-05,3.09526503177145e-05,7.9351989733321e-05,4.59547258009853e-05,1.58896722829975e-05,2.27745844702319e-05,9.66445907907487e-05,7.77954125352029e-05,9.45094574989653e-05,4.84390296975157e-05,0.000160746079909044,3.10856682284194e-05,3.46997262254702e-05,3.25817289655389e-05,5.42718736165476e-05,9.56864933696109e-05,0.000103263131494858,6.83109286669357e-05,2.61240693203265e-05,6.76636740911258e-05
0.000532947466992087,0.000369521288579805,0.000893162890887475,0.000364924571304166,0.000909277283940684,0.0185714275273252,0.0560808331334739,0.078575885492438,0.0681403643852247,0.0428560076140839,0.0598910770362654,0.0518808977428907,0.0352287083191074,0.0218313400546091,0.0233076464999173,0.0161984200586125,0.00267561751767144,0.0044643654491406,0.00731489509238486,0.0475233347527761,0.0912771359738462,0.102986648858364,0.0824283880614999,0.0402923356623438,0.0453662794558877,0.0638501556914251,0.0363977151701965,0.0477854027230581,0.0394848757022494,0.00516891298438896,0.00375866578744194,0.0258186637475749,0.00756891235609285,0.0207117012129366,0.0317336740860896,0.0795568702289727,0.0629270208858687,0.0364906574237505,0.0126564911963702,0.0159993799885513,0.0155361423580768,0.0170585509006364,0.0236552720637595,0.0332855323607512,0.0185133385811098,0.0205732820046943,0.0246372029947649,0.0201822018670018,0.0165342977251638,0.0196173404157791,0.0109024785698317,0.0254570435967085,0.0237391347344867,0.0242641989152645,0.0161232180611332,0.0421439986334237,0.0358622535939423,0.0328803585167677,0.0128039850669211,0.0200384847022117,0.0232152336901488,0.0142529813166356,0.0130369530950652,0.00344248710760436,0.00374477702486724,0.00438139170216386,0.00503353592896469,0.00191885481063538,0.00247506998610375,0.000876175622716847,0.000508232466687159,0.00111488651010662,0.00104166843493394,0.000451573645779238,0.000628676049194057,0.00202584735543013,0.00437032508683403,0.0320750194917202,0.0320088670711029,0.0169658131032666,0.0120825940017171,0.0122428004384842,0.0102065824981387,0.0037029841974539,0.0132027720239739,0.0231282356308916,0.0127804188021346,0.00651324593610125,0.010056490674839,0.0163238081937755,0.0160428541669826,0.0103401129595618,0.00961978884458085,0.020854247213869,0.0218288786852496,0.021502804980345,0.0160047123540372,0.0200999797670632,0.0129463819491648,0.0189911735420722,0.0140814485128354,0.00103774671178915,0.00673187775992582,0.0028675274171338,0.0330417471930874,0.0668421627175887,0.0998024485305374,0.0506198509640926,0.0642843540758364,0.0527666248211284,0.0387239516808851,0.0220903705653605,0.00959666752633393,0.0119527053832486,0.0116427574865145,0.00692136049586334,0.000898372746109185,0.000729167676589606,0.00113049342970593,0.0013301481393969
0.00225259789434865,0.00346107829899629,0.0055156932299185,0.0101218013092372,0.0120930477706855,0.00948323520981385,0.044389950099176,0.0722029427396947,0.0637257097738939,0.097201660624811,0.0362497722159861,0.071405043908984,0.0875340434142476,0.0472763628913556,0.0350800594711154,0.0380016973645347,0.00472442130148939,0.0164172289581128,0.0331690855955043,0.0408703356468969,0.0697770661143934,0.093765215989482,0.0424637752853223,0.205146460566488,0.270283978940642,0.220830625629312,0.245974286868184,0.14379175889938,0.168918350000615,0.0892935096565976,0.0155777309941178,0.107931479850209,0.115708325892866,0.0156904075339156,0.0754070613076855,0.10301860474968,0.194424845415617,0.234462122527298,0.203336628692048,0.201128033335793,0.168732890340546,0.10752148909352,0.120441872173656,0.163527674373804,0.121669939527442,0.0803617719273056,0.0984765010833672,0.0965509583951956,0.0466102367983016,0.0693368952408716,0.0149352700596603,0.0502520753013881,0.0668462538659479,0.116446526111296,0.214963844802366,0.259886089058362,0.162086509166584,0.095925471474581,0.128234625781378,0.10542787899998,0.077461639063186,0.0530084946176438,0.0528638759784109,0.0568867940828013,0.024082389806162,0.0165188993845462,0.0210113314438668,0.0152453287599967,0.00545008660220683,0.0116773486591245,0.00381638365131892,0.00628627600787282,0.00760184812396337,0.00211970901625135,0.00544728324953295,0.00875577216409587,0.00814993647719578,0.0525049290149567,0.0583920175739614,0.0882181130828464,0.0294599114742327,0.105750569895711,0.0851449847138532,0.0528684866237498,0.0324017933787168,0.0316028434089495,0.0158585367039013,0.0349269138246986,0.109956771558666,0.0984000630146496,0.0994421476649047,0.0745840149642183,0.0683566568753345,0.069744770596144,0.0810421012955292,0.0594151318928469,0.0584201199396954,0.0637715327610852,0.105795293040578,0.0969102655126823,0.0504805794494934,0.0548292576246878,0.01643575020042,0.0530574756240742,0.0276076948833806,0.08744638694058,0.112773777058087,0.0389951593639691,0.0458351041207196,0.0559718455744881,0.0300701820241957,0.0239979766171895,0.0267880670747692,0.0221990632811503,0.0104082401023033,0.00993262665112706,0.013717322019324,0.00320948282213624,0.00439162057784595,0.0105901014831266
0.0030695437568036,0.00581175514819156,0.00518975411771402,0.00545583141061891,0.00709803981061587,0.0047612880216708,0.0190425682306876,0.0630559562136763,0.127065889666179,0.0922829152063888,0.0411512777394354,0.0525686850088072,0.0464162885945604,0.0242142853244874,0.0494760773478384,0.0172441659721582,0.00302517130002636,0.0137979775456872,0.0292606791893543,0.173382712375836,0.111860139046321,0.14643784697262,0.229410549024067,0.115248839257879,0.236920565670256,0.271035220005672,0.608110468595134,0.517424512467176,0.574370944294781,0.331798128891114,0.112759511910091,0.121772887833977,0.0303604914571145,0.0414071706799987,0.127175119819131,0.142714472457408,0.347689086524379,0.361113905617676,0.371050473523566,0.351908959281008,0.210123278655463,0.0433934474723844,0.149873200779055,0.123069502292889,0.118824377570257,0.0487262771604479,0.0476181156663195,0.0308589855376624,0.0312931411584514,0.0410679223804615,0.0919756691236053,0.14363397574174,0.15333107744382,0.072059013878153,0.179761309645273,0.412366067627467,0.258104952743855,0.130150598704793,0.0585995023860303,0.117620497427499,0.0595900563764574,0.0577434593575677,0.0510904310505309,0.0345747365821298,0.00264415964631511,0.00948596629167069,0.0115231168383634,0.00374789438969776,0.00560487650478049,0.0103233924264631,0.00441539322230806,0.0082356307968454,0.0132093407258095,0.0114604372284338,0.00959832076762143,0.0105938614992973,0.00634915051428807,0.143994237591434,0.203480795246797,0.0589858352567134,0.08257257189694,0.129609024698989,0.0818976930077797,0.0690905203218153,0.126618604777502,0.105365530569201,0.0877874163796895,0.126131483051596,0.117867233148234,0.121092997226635,0.0411496515629222,0.073851207675557,0.0149413213618949,0.0306673655398101,0.0338668065803202,0.0721084895315779,0.0831893377330627,0.0464086580714409,0.0573637882669497,0.0322528413593229,0.0346899441767455,0.0811327588128265,0.0776333123348688,0.0911756992408505,0.105958565910337,0.0999127943969871,0.0986380654150702,0.0482931514429196,0.0659982804988761,0.027332918036144,0.0213167947582462,0.0146599453881728,0.00916507089917286,0.00261385795858465,0.00849544614670595,0.00304571402594872,0.00844846553569037,0.00138676794426111,0.00748385058490708,0.00552606560857039
0.000664018914810233,0.000270507692099369,0.000604206264242704,0.000422127619909165,0.000577037662102585,0.00111449807245607,0.00603087249306672,0.00862555634303716,0.0112373731713506,0.0178280127575544,0.0127794148818841,0.00903560730042338,0.00105983895750791,0.00249359851737807,0.00368242238920146,0.00418468954145937,0.00504406687074952,0.00334864611115167,0.0215359053484405,0.0302836470091402,0.0102531251307284,0.0113124808583459,0.0299783441451258,0.0767794748111144,0.0853512274810566,0.109737510848946,0.131976838800194,0.293092031465781,0.200123728369348,0.055819855426196,0.00488306126042218,0.0128824997697353,0.0299383145458898,0.00877484183101563,0.0195752997821245,0.0415417212578034,0.0211635048743969,0.0127182482657155,0.00944157427646935,0.0133519210918118,0.0053856500472828,0.00136577570075673,0.0158341623958964,0.0179230842971879,0.017962001461486,0.0162557443813483,0.0139873537292322,0.0203354777672541,0.0221708208942367,0.0284572552093649,0.0259935845827914,0.020128206890867,0.0648014730401817,0.015299613163424,0.0138971255191516,0.022379986977147,0.00687162534639563,0.0141947081716388,0.0112399289506236,0.00707635930573778,0.00443734957475108,0.00368477742033335,0.00196834829181805,0.00131522635704776,0.000650257618486414,0.000385991838194519,0.00272007188403911,0.000931994425471883,0.00129126174725661,0.000514004928959129,0.00242812134530919,0.000875267662258541,0.00224639515874952,0.00235477562326126,0.000524309047219932,0.000780264467874323,0.00279529875197863,0.0127982788888683,0.0175211718729603,0.0228799073882139,0.026357148680307,0.0211008786477111,0.0581262538065614,0.00723574132474922,0.0875197380007447,0.0242559225876362,0.00620575161209846,0.00594631352249382,0.00903852072893816,0.021191003730983,0.0112764097835545,0.00319288022501793,0.00112908486972734,0.00737715695607508,0.0144202030494556,0.00426064844676072,0.0028484186242734,0.00636373771768966,0.0204768911086537,0.0298690640330105,0.00587793109409713,0.00266437196432999,0.0119323830797413,0.0320184415585621,0.00739216634686398,0.0349404890729118,0.0324646244819016,0.0215405914075229,0.0089898550949624,0.00635385058457732,0.00681038661382634,0.00140512274172749,0.00118085367553136,0.000932401223200252,0.00106150310283009,0.000416628538615897,0.000446372067690367,0.00137191595981341,0.000453204242612835,0.000531220812554418
2.75237489428259e-05,2.70276819874403e-05,2.01038278310849e-05,0.000103867682490348,0.000121264821166541,7.85870157415422e-05,0.000118012050588144,0.00050337678965545,0.000119539771990086,0.000260186524813676,0.000845174633846951,0.000207816519716572,0.000199875632394514,0.000161297285395321,8.15882705480161e-05,0.000301265396168258,0.000293473318002644,9.749638426928e-05,0.000379251068089681,0.00217615506279691,0.00333472552424338,0.000853736303662924,0.000596414515802524,0.00134460634192451,0.00502382372165871,0.00508190419452353,0.00216155010817057,0.00365275199213331,0.0019424655547193,0.00102823190018497,0.000985190811136704,0.000530681529892942,0.000363529867978043,0.00135652827113708,0.000721490433682124,0.00543349112956856,0.00586823966842238,0.00322790149924776,0.00790805068846845,0.00191155602251116,0.000347120251500571,0.00168027583248511,0.0012414813592539,0.0010375761155045,0.00427892082590062,0.0041939324302424,0.0105645031259228,0.00296122178746656,0.0016236743989472,0.000999153330394799,0.00224490786904261,0.00277684492482545,0.00774400121308648,0.00733379582125344,0.00623793778283899,0.00153945271390032,0.0026822755521153,0.00299248997277358,0.00179730387891464,0.00120772882556937,0.00057084973682444,0.000543246438885202,0.000636653416169654,0.000112518801130034,0.000141209882332535,0.000121449023700497,3.35013119946438e-05,0.000660162500021981,0.000131357824529255,0.000272457131317548,7.08580039546092e-05,7.25919131733449e-05,0.000257158959142306,0.000109216724229329,6.2570956376407e-05,2.51868797267832e-05,0.000469330920155202,0.00137780168563975,0.00185816763141431,0.00178821433235058,0.00247618480154203,0.00288470316223238,0.00178660086891134,0.00660162003225743,0.00213125677480052,0.00138981447835779,0.000972743328774228,0.00199667331989184,0.00137417285716879,0.00164204635628683,0.0124736264948123,0.00709083931530429,0.00341456271133096,0.00377005150477982,0.00515229833245459,0.0017388451103637,0.00159081424325588,0.00123878784492186,0.00126532131865383,0.00509607379964967,0.00374283045046338,0.000217993808293893,0.000669208066845898,0.00252839856004805,0.000293117475845079,0.000642367448045554,0.000955275910655538,0.00140934875131615,0.000933067810609702,0.000804223450919685,0.000176416289581138,9.54472513295144e-05,6.82085423697924e-05,2.07672134378044e-05,1.5371647520607e-05,7.4282941945805e-05,2.38290910772471e-05,5.51802486611593e-05,6.33963553382405e-05,7.23075470164743e-05
3.63563416393191e-05,6.12213048548835e-05,2.97128122809203e-05,8.04692703214068e-05,1.1096735724156e-05,5.34418440419702e-05,6.59756006537302e-05,8.19535389897808e-05,8.58200528503599e-05,0.000218428670329762,0.000109564915892638,4.50241205936108e-05,3.74714661511151e-05,1.78223620121713e-05,0.000158959438501856,2.01462887990802e-05,1.58143569799357e-05,2.45829507679995e-05,0.000167660491648854,0.00120530762876304,0.000903399032585912,0.000836096642985201,0.000530697073459903,0.00165950023246224,0.00164901885444689,0.000444710176389808,0.00206918770477289,0.000488471313036842,0.0001944209151293,0.000206272894039475,0.000187975848437039,8.17904588020213e-05,0.000354703875442639,0.000281865302459724,0.000511548373556423,0.000908461303970471,0.00653945464078785,0.00413559862652153,0.00403166379506125,0.00242595524465308,0.00130606151534245,0.00104501084799584,0.000644795237343933,0.000788070672722022,0.00232347047838328,0.00430410376238635,0.00798786102170873,0.00756791364874043,0.00466505592636244,0.0292243528464689,0.0080868302216239,0.00221032472266455,0.00165249630177589,0.00108219887159062,0.00143481010867963,0.000481299954635812,0.000393311070872551,0.000301372826205333,0.000296316709714766,0.000223233181229749,0.00034374894049542,0.00036929929810538,0.000243379079743812,0.000147371859760176,6.27604537923299e-05,0.000104466903961106,2.43264791453297e-05,6.92588023887463e-05,3.61331077225686e-05,4.98668283894554e-05,7.75891355778316e-05,2.05035730425432e-05,1.6767042889105e-05,9.86532011139614e-06,1.63195438834559e-05,3.41634177947584e-05,0.00011169633721958,0.000769350415654386,0.000630536437650589,0.000290125776242649,0.00386384004036182,0.00109608826942944,0.00393891437163039,0.0018897684496563,0.00125704065653236,0.00080911123207866,0.00183309134126725,0.00254831084204313,0.000783106924893042,0.000585219820258797,0.00363171888514723,0.00158862747426071,0.00176879960706117,0.00103138916781338,0.00191589684129701,0.00147196317707388,0.00161197392508277,0.00112653075494664,0.00118335044030782,0.000819438838077099,0.000816595502223883,0.000202203929671012,0.000502217594545711,0.000767293666166601,0.000557403846437535,0.000577156743867976,0.000791861151474417,0.000227752829048883,7.22360194627418e-05,0.000758654647323967,0.000301205046583388,3.52399009967363e-05,4.30053005765539e-05,2.43690968968965e-05,2.05389378899691e-05,1.24191147800508e-05,7.05983881586892e-06,7.96578627750643e-05,1.08870671952144e-05,6.91147086627877e-05
3.83934419946486e-05,7.97537537752308e-06,1.89475376556547e-05,1.34335842101497e-05,2.23859950974093e-05,7.85517605061739e-05,0.000116333370440186,4.68472311381566e-05,0.000111789940788582,6.38394909001631e-05,2.96812297343576e-05,5.17913439931206e-05,1.9945123526372e-05,1.10834985103684e-05,3.98641921906349e-05,2.11646155054175e-05,3.7184417244128e-05,4.37074978828099e-05,0.000129400267240253,0.0015239320647302,0.000385125528031335,0.000274404010373346,0.000632119805229797,0.000835101362677772,0.002188703686932,0.000384142603830031,0.000461096954944837,0.000257383918191813,0.000693847863234329,0.000132168657182923,0.000254165364224224,9.33822078380184e-05,0.000210781851489241,0.0002535651045623,0.00078405085722352,0.00188488717167223,0.00195314175361041,0.00327553247406624,0.00118414061175372,0.00126458689375453,0.00971048015735443,0.00153792727507513,0.00114688483397668,0.0011325995164962,0.00308664656928155,0.0119774613382615,0.00870463296478052,0.0108157150099941,0.00182622090176024,0.00776997120626588,0.00801292278319847,0.00133626260336317,0.00124196904782246,0.00151491809983372,0.00168393568031062,0.00065802953984439,0.000537270895597886,0.000484312730017803,0.00108598663281375,0.000624117112654101,0.000394948281558464,0.000224756365159012,0.000137146457061201,5.80140996114488e-05,6.25066203224837e-05,2.51584839796735e-05,4.32814906484731e-05,3.22735896906984e-05,5.87569191519277e-05,7.46223663724233e-05,3.19893029717085e-05,3.00256760712062e-05,3.37921934768737e-05,7.87837389381945e-06,7.03804103272224e-05,9.2994024491528e-05,0.000126508351805983,6.1304088256581e-05,0.000341960079712245,0.000532739769221571,0.000405326812929809,0.000325393371214213,0.0005915280468364,0.00148243481581323,0.00121710663501896,0.000722535016677147,0.000542687150734453,0.000413788781699131,0.000315415360253201,0.00396120142785142,0.000740717064069661,0.000623910668131163,0.00446214233242117,0.00273551861038898,0.000995294181186341,0.00138951324780327,0.00487399572256928,0.0130417686605785,0.000992489605654832,0.000508816814957016,0.000806160952418887,0.0017164318296669,0.000208433515822057,0.000327373396022498,0.00019145132115595,0.000352210397571723,0.000179233416608982,0.000190108919854753,0.000248931760204965,0.000288032252513315,3.44182004493861e-05,4.76684811339464e-05,9.78996555945219e-05,6.25300646655966e-05,3.11041744323523e-05,1.52305696816345e-05,2.77938474746962e-05,3.53730319204154e-05,1.50106787379855e-05,4.01635009578176e-05
2.60001410619448e-05,3.37013077390396e-05,5.02047707423971e-05,2.18667103440179e-05,1.50368681411402e-05,5.7188964410762e-05,0.000101114537903078,8.08776139657506e-05,6.91235314971124e-05,0.000103449689615602,5.14970062082389e-05,4.64417911130148e-05,2.43165149937678e-05,4.64686557468016e-05,2.95581860316267e-05,2.44686809320975e-05,5.88346782259907e-05,2.59181592780756e-05,0.000275791018997233,0.000461219496436813,0.000287268723807988,0.00052439990778745,0.00149874222219859,0.000783280256360133,0.0015472583530423,0.00165124527284321,0.0011038189024455,0.00044575458973163,0.00033112694886364,0.000270492463854205,4.79107047670339e-05,0.000157951766194715,0.000116189467295096,8.01460997326012e-05,0.000337804870970523,0.000418339081716303,0.000535309557044909,0.00120395071776126,0.00105015215806201,0.000485912164499317,0.000278781095257018,0.000261617177263054,0.000247259539669314,0.000811174562834021,0.00140528036966186,0.00170289058832512,0.00522791434463904,0.00324592205674106,0.00144300326752416,0.00160738964528439,0.00226862204745429,0.00170549450882292,0.00224148992814882,0.00151856837832719,0.00115527036850982,0.000559234992064583,0.000844170957713396,0.000272939074237875,0.000624153583722975,0.000226712760349061,0.00029910690006885,0.000127400088317724,0.000154430723027137,0.000100662225599217,5.06022193787531e-05,5.0619832920363e-05,5.99968218206053e-05,2.51656508892856e-05,1.06246154199069e-05,3.27711868696619e-05,5.28843156495732e-05,8.13245917029404e-05,9.17024498935194e-06,1.13870712549142e-05,2.01025896812454e-05,4.93372083077402e-05,0.000200114527676076,0.000999527742652723,0.00124039501133036,0.0001912195971883,0.00249631647323269,0.00136752421827205,0.00122410531139435,0.00115317881375491,0.00092667395566809,0.00123688720313902,0.00261053908586563,0.00115377276754842,0.000567155722747092,0.00059930324769845,0.00132305710714394,0.00228299074137049,0.00127426177227169,0.000316437395036915,0.00167988785908259,0.00171717902321621,0.0012993752302048,0.000630671615212855,0.00144562756665148,0.00100517294141615,0.000929606530424453,0.000896841474983561,0.00032308778358807,0.000223239542503336,0.000247276236156626,0.000625918986197899,0.000114742434695989,0.000182128014196374,2.81772793792942e-05,0.000210360722766926,0.000137497563907177,6.55058611771362e-05,4.29621483353564e-05,1.45371243406157e-05,4.01584186824537e-05,4.31819708402057e-05,3.08644983516601e-05,2.58739051157314e-05,1.64880059657525e-05,2.49886536822894e-05
2.47868738332631e-05,1.71423214147013e-05,5.62014240348583e-05,4.61653077663707e-05,3.91722027560683e-05,3.1299687676929e-05,2.31640676924504e-05,1.08799710669082e-05,2.72006713869009e-05,3.05355218093229e-05,1.0417952427412e-05,2.30078475450839e-05,1.28215642419594e-05,5.08654443604585e-05,1.03382020891089e-05,1.41455695886476e-05,2.03574499698487e-05,4.59637491334992e-05,0.000238824304427036,0.000878373379530748,0.000532474236848111,0.000744076368850417,0.000609205672232056,0.000242123528985172,0.00126630369900139,0.000404137624305678,0.00100288188418302,0.000262508990995211,8.93961707043701e-05,0.00036350602725979,0.000256621670179664,0.000197525670568232,6.93718111719562e-05,0.000100504703708476,0.000103205979469646,0.00122715544084269,0.000376973534087122,0.000432614855092813,0.00046276424569478,0.000353564915552215,0.000504791905248291,0.000990571842232432,0.000205912326785464,0.000302802066639257,0.00206827142598676,0.00490358833183238,0.00227764971452079,0.00549943093345063,0.0022517661574695,0.00467208728907017,0.00402889230516954,0.00178531326428069,0.00288114780768033,0.00137641649582198,0.00139076274206107,0.000553472116382654,0.000733551920632763,0.0006391237771899,0.000560691782782428,0.000110624188376846,0.000796050010024604,0.000366580463971073,6.98853450513569e-05,0.000134847878131013,9.34316146384693e-05,6.25169506128573e-05,4.9238906433121e-05,6.26047261454204e-05,5.70047326472277e-05,7.42317233178812e-05,4.40053646789192e-05,9.4526571352029e-05,2.2478169650293e-05,8.8231677003131e-06,5.74790088799721e-05,4.99687812075134e-05,5.77268608178861e-05,0.000330612027440049,0.000602424315089836,0.000348397823495954,0.00112702910657111,0.00146026690285126,0.00127743113914432,0.00134004636760485,0.00170979133454197,0.000883183658425727,0.000993752465367364,0.00194915651452979,0.00205473975153257,0.00146472773981971,0.00391784369815372,0.00281090176260894,0.000983457330974375,0.00082216632474302,0.000908354696251104,0.00348611037635627,0.000578413428195642,0.00107971069124979,0.00199122048450933,0.00197895195682634,0.000798347940363798,0.00217324775605677,0.000276242175500319,0.000418318261078509,0.000387968769262587,0.000174280322259246,0.000144202172790358,0.000109629915910798,0.000184595312173062,0.000211296129909677,8.17776583108351e-05,0.00010691267274402,2.06424571659813e-05,5.49392266871316e-05,3.41597684950965e-05,5.1162949013816e-05,4.86121521674542e-05,4.68102092795386e-05,4.53357753917047e-05,5.71016978127081e-05
2.75509178550173e-05,9.43048199271834e-05,3.22449293479709e-05,6.33562027243965e-05,1.37027441724251e-05,2.84041729627538e-05,3.25821483386196e-05,4.10901065443167e-05,3.09287758775142e-05,1.8235341222863e-05,8.74957733866883e-05,4.98449495528585e-05,2.42017684040587e-05,6.07425358823942e-05,2.8014549887815e-05,1.46366096588344e-05,2.59057947418722e-05,1.7856009796842e-05,0.000126395978403023,0.000302620524333221,0.00050748692234474,0.000792426837781923,0.000850647680799027,0.0014374889773133,0.000496164358340293,0.000776106900545519,0.000689216184397775,0.0030409694576931,0.00113566578080652,0.00121196803234592,0.000504848476327559,0.000460594401476825,0.000414130303219807,0.000294773047894029,0.00030873102737356,0.000470619183468386,0.000392222818140317,0.000535694461210817,0.000902904448244979,0.000808462008771299,0.000289884033659113,0.00106046822181228,0.000114409736247719,9.82767879390842e-05,0.000699644984453564,0.00128274835610223,0.00342669172898594,0.00378376687779516,0.00388717027107694,0.00344903162502507,0.00417751813279128,0.00817741734327129,0.00182841787119092,0.00416000595331417,0.00144423588988337,0.0004885433808774,0.00286503217494351,0.000718950476983834,0.00112820631368147,0.00201248249292217,0.000335734345565389,0.000397742512154895,0.00034517082004158,0.000143745243297595,0.000101015362759062,9.39434480398667e-05,3.49508722611582e-05,3.16778782302004e-05,5.19261632711662e-05,4.36730545200955e-05,6.9176184887282e-05,9.74981512490465e-05,1.09326447011976e-05,1.93967643762847e-05,4.0548859511462e-05,8.88196484405462e-06,7.66887934079045e-05,7.04182967224277e-05,0.000175060632450038,0.000661356951576457,0.000747072351153617,0.0031537583272604,0.00355007957592625,0.00665281589104093,0.00279689074576707,0.00144785564595172,0.00225787606899956,0.00152528961461306,0.0017256510427261,0.00181560175163872,0.00231411811604665,0.0023009165153049,0.00171246026891301,0.00076053725173604,0.00106169736489384,0.00289132662530509,0.00125633949103797,0.000664083090550846,0.000891737061994949,0.000784426623127573,0.000822738529828988,0.000243500160940935,0.000449359996931741,0.000822284196819396,0.000200109044864808,0.000185517106756336,0.000110179488459063,0.000114908362411537,0.000146880232421487,0.000133013898879757,0.000188807828280427,7.62097151602285e-05,6.25603611332765e-05,5.13412494824342e-05,1.67220030856289e-05,2.30932673777637e-05,8.01904652233238e-06,6.74314627215848e-05,3.34071033113029e-05,0.000157146634910506
2.33500173187862e-05,2.20060853860195e-05,0.000100574876499387,4.00252253951283e-05,2.22076691013417e-05,4.48877802167975e-05,9.85171018092158e-05,0.00011880670149208,6.28684691020616e-05,0.000155507681350246,0.00017741123826189,3.03011520035527e-05,4.92478324727624e-05,3.88664499613153e-05,0.000126272911579899,2.59097077182125e-05,5.58236965599336e-05,0.000170660965929416,7.08703094734473e-05,0.000461430594336277,0.00132852368615085,0.00129108222883373,0.000675933798588673,0.00112225017243816,0.00036392892941987,0.000634843489355479,0.00052018530382767,0.00317757669407149,0.000487507993928105,0.000356451137153946,0.000358812023591783,0.000318959344741062,0.000212296147433353,0.000151207727835431,0.000109766227869204,0.000609037335997571,0.000550044355612574,0.000291868693897376,0.00017644898585455,5.29527898915741e-05,0.000110537352114558,8.19715164948069e-05,0.000270428815597658,0.000377674182697769,0.00259978125252717,0.00165902995405486,0.00192783440629531,0.00832631432666403,0.00157864348649941,0.00178958475468492,0.00285020119276285,0.0032346158592744,0.00707017911997185,0.0112008594165387,0.00377960940389694,0.00248596620747437,0.00221726597199916,0.00152515050149671,0.000715645486149761,0.000161077527117058,0.000615891481500818,0.000477531941017046,0.000234827697702874,0.000130835527014631,0.000191142135025861,5.50327993518165e-05,3.11117962266992e-05,8.53685993259206e-05,7.78842828430545e-05,2.26598803287474e-05,8.96596697667376e-05,0.000108582637184599,8.0326453061327e-05,6.26377380341603e-05,8.98754753794937e-05,3.88596531537963e-05,7.79554033473854e-05,0.000205194348731166,0.000129664545382221,0.000109562459816834,0.00260403651422483,0.00119312259606941,0.00390178592558343,0.00492617662506755,0.00497195857965668,0.00109884446692968,0.00185650137004078,0.00103575677889918,0.00183608343289355,0.0042284794692743,0.00273242366746074,0.00101001839589425,0.00249404992843926,0.00456710829665304,0.00307156031715668,0.000947148543930058,0.00223895701732496,0.000596956303721429,0.00103234647462358,0.00210261054822984,0.000461677326711671,0.0016996304337675,0.000280304528153934,0.000321333941855589,0.000255907584064584,0.000245274500238216,0.000128592926812362,0.000305475953382576,7.31961678347819e-05,5.56746017402786e-05,0.000213407448649963,0.000116864700586606,0.000165088550851355,9.72153551470476e-05,9.73405665894452e-05,3.67667459960861e-05,1.56102210762555e-05,4.28170142668874e-05,4.05985282281068e-05,4.15972642443988e-05
3.91803463650316e-05,0.000168105799469969,4.40201154957475e-05,2.63779659311038e-05,3.92140405031126e-05,4.4917786114059e-05,0.000173153349713793,0.000193312470622741,0.000150977755600293,0.000229009540665029,5.58277491976047e-05,0.000349822671419118,8.59547519223304e-05,4.08216509365546e-05,0.000142453709173656,8.75010483890566e-05,0.000144371344259386,0.000273734252630405,0.000153486529382742,0.000746335633095843,0.00141657516821343,0.00127026656060945,0.00220928862249038,0.00258685981050261,0.00512946670637952,0.00301619995251467,0.0012163379403649,0.000865588628845059,0.000773951104435973,0.0034797274162976,0.000502346423612874,0.000606156072568239,0.000472097998127319,0.000275504146848123,0.000348500465397968,0.000376550196886915,0.000181328262760169,9.13450490947357e-05,0.000284759578567916,0.00018880153112413,0.00013073961423921,0.000141880916626359,4.09311750126381e-05,0.000217439000396338,0.000871276178137062,0.00142317129254704,0.00246612537666115,0.000847205176221555,0.000845048956165324,0.00418227788678381,0.0097532980559594,0.00399583848533424,0.00762227651491506,0.00191133924345815,0.00269686193616328,0.000687595711246584,0.000696091271534703,0.0053071514666754,0.00211973798960176,0.000611622639713474,0.0008021427671702,0.000225397338534512,0.000626482932446268,0.000445439544528659,0.000664107620743859,0.000176015888343717,0.000153355852810358,8.10214753248734e-05,7.1172572332577e-05,0.000233092963824562,3.90713080493701e-05,3.80136995073336e-05,4.68252150242729e-05,3.05167169644619e-05,2.00811327653234e-05,8.79808173788295e-05,0.000183570445052649,8.47845103730041e-05,0.000316610844542167,0.000173929059714937,0.000508619204998337,0.000467543060539008,0.000812796601360892,0.000457600326525701,0.00131324400563527,0.00200203476283219,0.00258802671505937,0.00134908869916199,0.00132772944060282,0.00134243242359506,0.000634802715936453,0.000631400356139155,0.000810293706259983,0.000483687822989545,0.00108022730775755,0.00128201313592893,0.000963054227645934,0.000777245196723291,0.000229353097394887,0.000699274386099014,0.000673968201912254,0.000200854369564466,6.88198955286111e-05,0.000442029664429274,0.000282284276889213,0.000221671105345244,0.000349087279982528,0.000216657270013023,0.000129979134705497,0.00025192604897963,7.5073423748533e-05,0.000300124918727482,0.000183165546091293,0.0001279533505789,0.000124429008417927,2.76563282251255e-05,5.26237590829985e-05,0.000124185000109923,0.000153830579476864,5.86995609691143e-05
4.81459221338209e-05,7.80216488510904e-05,5.15647819537469e-05,0.00010203044060371,2.35975842393496e-05,3.8622362269915e-05,9.67068362078665e-05,0.000126377655248089,0.000125519685291432,0.000394725454612064,0.000745804441667775,0.00036347449595279,0.000260474615979194,0.000210288941582613,0.000186133449374877,6.3594908899073e-05,5.01099952678123e-05,0.00012807901592952,0.000313232318473172,0.000892502673417253,0.00251385607851859,0.00432777044820037,0.00426642395086778,0.0029477023012468,0.00728241430557996,0.00418458414775721,0.0120979832996882,0.00191028891684404,0.00170617282829463,0.00335776682677261,0.000970733343119047,0.00540892118054881,0.000956866859424747,0.000968324729376721,0.00128156752443099,0.000847714809719642,0.00034002153815914,0.000589466215060623,0.000135685313766908,0.000134380762894923,0.000165884525194988,0.000209412418098688,0.000205124862939377,4.58246894411798e-05,0.000128244281698126,0.000254907991011964,0.000228675062501008,0.00120591739386839,0.00078574038577565,0.00680294625527782,0.00755423615276438,0.0105250476559822,0.0167959547387453,0.00346451616753674,0.00191326962405328,0.00252149683796377,0.00541213668325164,0.00117003590959993,0.0046968376939773,0.00265698609129012,0.00233689037456998,0.00112188880546684,0.00075842157653397,0.00294328366213235,0.000973115330222187,0.000251526456714848,0.000424533602071593,0.000268199049873832,0.000139040539094005,0.000135606385068364,0.000230677714051345,7.99880825210511e-05,7.74439346764933e-05,9.77522610456038e-05,8.81223540043377e-05,0.000105976832838275,6.06191646665818e-05,2.21474219335737e-05,0.000267465800001481,0.000362057377632796,0.000613202352612721,0.00284570938133242,0.00743654400862358,0.00627497393269169,0.00579775650980939,0.00168719202680276,0.00136903311821684,0.00498830744719422,0.00126389204039972,0.00425506607058683,0.00234801585064378,0.00412552322344738,0.00369419429146233,0.00432758207192092,0.00387372134518104,0.00218689034644397,0.00204661370764635,0.00105130051663037,0.00182841641987038,0.00176769177644052,0.000599917667134896,0.000384858785276119,0.000653925046083595,0.000189493525591041,0.000255462894629706,0.000133822556171996,0.000128906390500159,0.000300886853366977,0.000392970611950662,0.000190750263572357,0.000118794079423393,0.00024347869318623,5.43049785291339e-05,3.10422005067872e-05,7.00517556392628e-05,3.90832799871165e-05,5.40835749419935e-05,5.79832555184131e-05,3.13422793599008e-05,4.21764999978263e-05
7.12479962582984e-05,4.572470196622e-05,3.13877973718315e-05,0.000131027322004185,8.65672870763284e-05,0.00010428793014474,0.000323852257268298,0.000294806948539017,0.000201223013150354,0.000425057371474887,0.000187061865376399,6.29088444962252e-05,3.92327842670931e-05,8.56709191206618e-05,0.00011845179209401,1.93808178639107e-05,7.95288602435123e-05,9.10093820166365e-05,0.000146254744178391,0.00133252783406143,0.000292103160464486,0.00113244315892512,0.00144233433396524,0.00316185255067523,0.00997178774488778,0.00297974160350933,0.00360315004000899,0.0114609722751318,0.00242893847727028,0.00286339608283834,0.00438327043863312,0.00166767548852953,0.00242749540531264,0.0010308536595709,0.000414190817783414,0.000353175957018187,0.000993013824998155,0.000431894149419502,0.000456689297927925,5.13187355365687e-05,0.000182974452996518,7.7772035821954e-05,7.42132427126861e-05,0.000115460172048584,0.00020764859283279,0.000458845389605271,0.000489791175575194,0.00171262325401418,0.00397406788722132,0.00919505283425515,0.0230264559643058,0.0071304298028606,0.00241840812027884,0.00467071895085126,0.0086439388401646,0.00389723661310141,0.0106478598934597,0.00138069838668505,0.00174685369052537,0.000962783680295017,0.00149085865999262,0.00249999696231227,0.0013392522688604,0.00138452279494024,0.00115968933146421,0.000150415481449053,7.45140776712428e-05,0.00038878903407692,0.000159812971978221,0.000127934674417258,0.000162200168055612,6.08427994475282e-05,0.000187363343415947,0.000125937218814606,8.7536757370834e-05,5.06093310624068e-05,8.54256837035746e-05,6.24628985841797e-05,0.000108346935163782,0.000225787693204567,0.00014170277362565,0.000714980547227262,0.00225222842210016,0.000439698861654389,0.000704691128647456,0.00156904329326428,0.000939770991254993,0.00258898696260251,0.0015315444988651,0.00082746409619679,0.000957272217422458,0.00119369112311888,0.00165062672815092,0.000247406923393792,0.000568956625815517,0.000556981353984202,0.000385552171435903,0.000683028746140913,0.000591974555879055,0.0025160978940992,0.000252682214570973,0.000360899587272188,0.000191297917898721,0.000478576541246811,0.000134449236569359,4.8051429927194e-05,0.000229056227661426,0.000234352589887952,0.000100135236776674,0.000241107426024119,0.000175633753876305,0.000232236767968475,9.85985223952024e-05,9.97372227984307e-05,7.46773515919538e-05,0.000138634022454122,0.000100587713110092,2.00786998944315e-05,8.42539796776615e-05,7.04950960843387e-05
9.09915474301025e-05,7.04853548473251e-05,0.000108929264643245,0.000161816525728303,6.59634511058783e-05,0.00014102442454668,0.000415099686691955,9.75209717291207e-05,0.000218860681974691,0.000409024544769904,0.000342626495245504,7.83046478950353e-05,0.000138933842930392,0.000200068684538796,0.000113605196127301,0.000101164867992944,0.00015235326264185,0.000168701743705421,0.000245649604983399,0.000452117917324548,0.00302439960715008,0.00452103912126301,0.0026830426269299,0.00288124073242938,0.00271454278346198,0.00676701085751094,0.00210244053053764,0.00280395705473554,0.00213973717934767,0.00159339119866263,0.000740359718474821,0.000806115368783389,0.0014894910448332,0.000285151938711426,0.000222405081576186,0.00103045074544652,0.00025603023454707,0.000433978336938268,0.000409860840876441,0.000145667594409052,0.000403428520153989,0.00032996376476883,0.000100452653491692,8.59534977601355e-05,0.000214943192541135,0.000217382405263009,0.000664648270425867,0.00117201936184722,0.000667350338935849,0.012300533963687,0.0250306963229252,0.021717175501739,0.0115520115354437,0.013884157490697,0.015421449685563,0.00357882934593729,0.00618586996673787,0.00224052948681456,0.00411310194595463,0.00350995579995007,0.00122235632145227,0.00348180115065685,0.00136399616817861,0.00137121637200987,0.00251819804840025,0.000821588953118736,0.000712526847988902,0.000610087045247192,0.000217383929901802,0.000280411448653724,0.000180595591217741,0.000126571262669839,0.000214358320139242,0.000281362344189879,0.000179190196828227,0.000145543507950019,4.22508791382182e-05,0.000152659707776232,0.000282235981146854,0.000460234081957714,0.000222508361445209,0.000175681770924254,0.000330808375283274,0.000122151975537626,0.000393744516271516,0.000304489788709039,0.000296792161764287,8.97067030885118e-05,0.0010166846683822,0.000824368103443198,0.000104817060090805,0.000973800638175055,0.000809555995667029,0.000792202688879188,0.000266920317263762,0.000154431713995223,0.000248807778369345,0.000318103184739821,0.000130685670642168,0.000361143863213145,0.000141407657274628,0.000490309280460139,0.000220087125465632,0.000204281086058388,9.18734068407372e-05,0.000210866295528121,0.000102453887825763,4.02370481281154e-05,9.22288956800637e-05,0.000242693311924456,4.64529329172957e-05,5.81261083830287e-05,6.36645985999514e-05,0.000237663318941693,0.000104430391188536,9.22832707872606e-05,8.97263816145736e-05,9.70892825398068e-05,0.000120428620616796,4.29683734843391e-05
2.38916982429158e-05,0.000108140294566395,0.000164153592337835,3.59681278765725e-05,0.000157342991451658,0.000148303205145204,0.000207326750529534,0.000505765953389822,0.000332783262072592,0.000221322162661352,6.9368136829604e-05,0.000268354613293208,0.000125115947855195,0.000189903929758278,0.000274656387279093,7.07846418361769e-05,0.000201263447527571,8.37679415004219e-05,0.000362382351815901,0.000476190054248166,0.00390588874531247,0.00302321946635488,0.00374134597964706,0.00358197073422495,0.00476305796427583,0.00350673855562425,0.00613775477852749,0.00181889549646191,0.00470029776148669,0.003464366813592,0.0029424422598202,0.000893552328980893,0.000295548669541692,0.000820329063392097,0.000349597209383165,0.00150547591711447,0.000655178458276356,0.000625154096195294,0.000302528718190183,0.000552886229788452,0.00102933495575711,0.000419503017089691,0.000222387317315556,0.00126754621981517,0.00230081573013147,0.0014024135881068,0.00152344339665714,0.00163892035089396,0.00117604794537118,0.00138436613030407,0.00579911165277502,0.00502457492926369,0.000974421225693536,0.00888092305774295,0.00199410905151129,0.00311703426355471,0.00227840446605605,0.00097997705446909,0.000402739185986439,0.00192951541113468,0.00198359520945625,0.0016041721182617,0.00293650153040356,0.010121829555765,0.00191014990733589,0.000800157129724518,0.000717753264569132,0.00115844056982903,0.000584076785174671,0.000233105009649356,0.00113143186905692,0.000337556023404279,0.000146976050808349,0.000116121344827744,6.89019431272049e-05,0.000336698940303876,0.000273596432210277,0.000182834099706661,8.23599012683665e-05,0.000433444934054536,0.000547947591540312,0.000633078005671042,0.00080888534433963,0.000683265859038805,0.000668085858610173,0.00140520858230256,0.00162160114818682,0.00112341158510934,0.00247986236766757,0.00131943558097026,0.00142977935637467,0.000381300900597104,0.000908008156897745,0.000886054775563544,0.00125534969244868,0.00100614400309926,0.00125144853612688,0.000376080788104724,0.0007192275037645,0.00063110448451177,0.00097842410474296,0.000242456152814615,0.000699216805725649,0.000194854082886591,0.000365166194801044,0.000187082815835301,7.78667099831786e-05,0.000263223210844577,0.00024635023273831,0.000102542525401897,0.000171200063150143,0.000275873255613895,0.000199244095246446,8.55853215248449e-05,6.98209011034656e-05,9.34129000856542e-05,0.000338759990128235,9.44547559446437e-05,9.51642372002311e-05,4.7213799485285e-05
0.000279664672385699,4.88627353398255e-05,9.64567444289874e-05,0.000450722561796706,0.000451615321336418,0.000265269498805823,5.6548870425827e-05,0.000213077436440655,0.000100642291271405,0.000157009712955642,0.000239007547196191,0.000140243705630311,0.000237186726619878,5.71245031097886e-05,0.000458099759998285,0.000236201300222946,0.000128000116598647,0.000247596239820103,0.000220232930954727,0.000217595548227415,0.000712082540862666,0.00113035645577325,0.00186055135267616,0.00165088246537333,0.000723235569513932,0.00226263079633423,0.00172030473856441,0.00107455953443461,0.00121120051684767,0.000670446632552092,0.000627634532026105,0.000360183387689675,0.000395123307244503,0.000208639257973382,0.000196472708899073,0.000233015429748355,0.000380734157474033,0.000129935064260049,0.000584969030286304,0.000229270000230558,0.000143351306514046,0.000128180587646541,0.000216925389883713,0.00011954734071461,0.000521340637957386,0.000424164584816507,0.00103729040127821,0.00141372715539286,0.0008674885538807,0.00484447435742263,0.0095132868377845,0.00345068644201077,0.00394141266105734,0.00176575580423346,0.00296014357316414,0.00512412435661166,0.00291195504645017,0.00253814564170573,0.0014743752172941,0.000426770324412795,0.000900336824299272,0.00194448889753572,0.00292751618384346,0.00232942422853778,0.00311410511963289,0.00169891689690547,0.00139549759038929,0.00123993666108787,0.000905310266992269,0.000670436610794599,0.000368971464672538,0.00110683895160691,0.000680890073732071,0.000410771166550991,0.000144449267848427,0.000223607962359702,0.000235787273450903,9.36362115003312e-05,0.000296804915176267,0.000645015066429483,7.82409709686365e-05,0.000180142778276777,0.000248127687350996,0.000226319614571066,0.000160286523947837,0.000612560273178951,0.000938567939799144,0.000354879227035734,0.000488312146318825,0.000263171698038291,0.000572135959302727,0.000632539240278576,0.000308330847262898,0.000542495796371647,0.000146169623411836,0.000236246477687718,0.000298088700457014,0.000143616754931806,0.000467704164843823,0.000271530892163973,0.000280542274576117,0.0003985748690936,0.000110790345542683,0.000253056240975878,0.000364243469287542,0.000142378525416792,0.000126922752104553,0.000329907179001516,0.000118465840101566,0.000394193281612987,0.000252213149891627,0.00028783846491535,0.000323775628763773,0.000287756539727902,0.000146434192815914,0.00018216347127485,0.00022669459866691,0.000396540178737517,0.000107139597649325,0.000415199946209457
0.000232722365572636,0.000132453821125699,0.000503785462363504,0.000132489109007224,0.000130497336080205,0.000157368352438467,0.000402931208019685,0.000121545965542898,0.000171394939041364,0.000190160268126477,0.000289116041663624,0.000522014952715495,0.000148604484611749,0.000232855674199078,0.00039411149090326,0.000323170236465721,0.000483009144678923,0.000178700219190696,0.000187357924172126,0.000109653397770866,0.000311659819038269,0.000651384376946186,0.00093944811967958,0.000581377775458202,0.000666103237505766,0.000678302337263559,0.000712762094441736,0.00100091030440115,0.00017568922989634,0.000605349015530784,0.000150488086760149,0.000319629633581972,9.78378346911717e-05,0.000258691063191802,0.000162025984369522,0.000320343983056615,0.000469600558974494,0.000647336867086587,0.000918454970187193,0.000628024899962119,0.000710388779160675,0.000167921744240922,9.60935555883194e-05,0.000586962095475478,0.000986750218006735,0.000788120654266071,0.000158351726248233,0.00102771207023383,0.00384349718938136,0.0029801792911727,0.00265516260076844,0.0043577761346721,0.00172059164473643,0.000898060499315694,0.00136277913625972,0.00130508005326002,0.000704824256574765,0.00100776177829519,0.000305232495633855,0.000498679306533613,0.00184240219156272,0.00133794204471346,0.00140995635179779,0.003015726559298,0.00280550386606548,0.00399553865516349,0.00099578455240388,0.00175378943987618,0.00190547779315974,0.0010099801733198,0.00375351150432694,0.00293544130938712,0.0016116812869643,0.00258780234876307,0.000214924096289474,0.000976313483247147,0.000571218744649248,6.80811545122612e-05,0.000466686388539239,0.000590316997865136,0.000384690311914014,0.000369690150553552,0.000486575133289547,0.000230534905226618,0.000357870414178392,0.000287774719271729,8.84847759825296e-05,0.00031545969444164,0.000242000130288893,0.00023984131703468,0.000573734999195591,0.000128771446981291,0.000585751355686818,7.7257751609282e-05,0.000345238456423517,0.000263306713788107,0.000285414825182154,0.000338050895474754,0.000101076644398248,0.000522230843113685,0.00021374245351632,0.000174227971069454,7.57018356781007e-05,0.000312810508465447,0.000229792352943493,0.000290309646027481,0.000850449097372557,0.000220754165037533,0.000184138317243352,0.000146516902445848,0.000141709708037245,0.000410782299248834,0.000212332112599417,0.000404379799651594,0.000223576753022691,0.000126231532162726,0.000565282980224976,8.33154129382967e-05,0.000299022541049018,0.000134176077695204
0.000208401468805524,0.000195405813139581,0.000263406436745589,0.000223755529354224,0.000130799668059777,0.000120865272158055,0.000132779369459705,0.000194980315859105,8.05363585799949e-05,0.000154235359857944,0.000193310741429726,0.000186014027945107,0.000188392715274638,0.000104468259072333,0.000137683402628263,5.47539246203663e-05,0.000165932232155913,0.000107990936068778,7.15318904889963e-05,0.000193074648420907,8.8793924238601e-05,0.000163691299383059,9.18252898482628e-05,8.69388513610147e-05,0.00030642537765696,0.000241214963587215,0.000283249348711832,0.00017701659735951,0.000207965371019203,0.000184040853193951,0.000119022125857081,0.000145218030664431,0.000190619632629794,7.49162592312193e-05,6.12386555106974e-05,0.000698280312893181,0.000502024150081782,0.000353561997886206,0.000408580648252124,0.000341300972519197,0.000638245634553156,0.000252621457725608,0.000555141108162518,0.000965008052920842,0.00258443589528929,0.002241920624144,0.00193645205642059,0.00284661344580518,0.00189396727694039,0.0101227301697868,0.0121121940761611,0.00300857740373199,0.00875097196793518,0.00576895354174162,0.00148388180485209,0.000600867874294257,0.00174980796022998,0.00143290535762135,0.00127811538979643,0.00129612381478328,0.000311997475772845,0.00234982637968319,0.00227630702046552,0.00760359916303025,0.00487954911886335,0.00535197180972799,0.00431871573210851,0.00495724494773793,0.00489349789169019,0.00201466415116685,0.013337270485124,0.0044682182485675,0.00390222513317127,0.00325280496636858,0.00141870927220903,0.00198294953833498,0.00122577560670768,0.000433492079250955,0.00151281485292299,0.000535934387858539,0.000482724687589731,0.000268829181176355,0.000778895357936823,0.000648264158850161,0.000283268673894971,0.00023461332598593,0.00028222237043454,0.000562562081318909,0.000233913462421744,0.000405074660504641,0.000331742076374699,0.000181996030254606,0.000552540550959483,0.0004215216094566,0.000320570672107285,0.000518415516447213,0.000101551177871439,0.000457989066727365,0.000424790252876815,0.000275711096956802,0.00016539127477484,0.000269479342680013,0.000182673243202823,0.000113440947313982,0.000213474062500433,0.000125715160954538,0.000203577835588486,0.000102941488499791,0.000120659835141799,0.00019903036151349,0.000526600242613326,0.000142899256257135,0.000185334977551965,0.000197899983969689,0.000267962706336345,0.000228299243016157,0.000405742682776471,0.000153107987626034,0.000166217375663787,0.000196768483092078
0.00017907100709635,0.000269378725519019,0.000174371878453418,0.000337181752210464,0.000131619745731244,4.97044316923058e-05,0.000132811237565997,9.31071427323524e-05,3.20046821789067e-05,0.000173600312691388,5.58942785307602e-05,5.17699360017312e-05,4.63180489433863e-05,8.48110226960135e-05,0.000194400513948867,3.01168282261038e-05,9.51875316171808e-05,9.87580520223971e-05,0.000208937260665677,4.9787322094767e-05,0.000274935228966333,0.00021932857340161,0.000259044499076868,0.0002073036340769,0.000403667890069617,0.000336281957824568,0.000376376870843355,0.000323931298076403,0.000526140192568668,0.000600851804460015,0.000151892108342854,0.000157197482085254,0.000277268735517433,7.8037458448417e-05,7.75880766622009e-05,0.000238372107979241,0.000282267206722079,0.000219834842147686,0.00040134003765076,0.000178201147021718,0.000511053849023567,7.35904275355155e-05,0.000198133241492449,0.000232858931396489,0.000242353697355748,0.000233233580974251,0.0002504868667629,0.00101773449384601,0.00113416849136248,0.00855674040831946,0.0258270402771977,0.00433797004856582,0.00325749601466397,0.00326232134206356,0.00105713173384703,0.000677768746444317,0.00111082042499657,0.00030595060234545,0.000649337096119418,0.00132450969246065,0.00262293005175223,0.00115223562373941,0.00353629700239175,0.00546540700720529,0.00766289312147085,0.00249435605883462,0.00407559700995496,0.00397538367485817,0.00184896860023567,0.00661430148073711,0.00243892243569352,0.0042352389873344,0.00134038277187063,0.00167272596685516,0.0018184968186411,0.00121613592385186,0.000744646523242687,0.0012490228468007,0.000752878445707255,0.000252604952619117,0.000488402574360233,0.000403209682493418,0.000299150611128206,0.000362703631409463,0.000763723732257302,0.000563961419263457,0.000610966169767837,0.000240483371619171,0.000575099437477224,0.000317052722743269,0.000347533243938034,0.000135510407781747,0.000270124923602872,0.000622965963839924,0.000240615372932984,0.000582946828006757,0.000504930400340731,0.000379293195102046,0.000762144134340351,0.000137977779683518,0.000313867581694751,0.000378144069419234,0.000312529102035706,0.000110801276129042,0.000144737310439848,0.000107752352759263,0.000166593359751576,8.37624279058089e-05,0.000217627331817321,5.2743843787993e-05,0.000205644971899036,0.000136765119590921,4.62135796061555e-05,0.000115149709705842,2.650611523965e-05,0.000178523956163895,0.000127796340984862,0.000141823878911311,6.99065183550444e-05,0.00018692933982367
0.000181685990263405,0.000352999798931466,6.27382751091332e-05,9.0331843445322e-05,0.000285982354596793,8.36348607884228e-05,5.4923554648352e-05,0.000165261074198015,0.000272491525023927,0.000197310490952404,0.000155447460640075,0.000155303029269788,5.75426959972827e-05,3.31503052634813e-05,0.000105827375588405,0.000115413673324132,9.22754684234526e-05,0.000192741320861668,0.000113026490953622,7.83696809214883e-05,0.000253431304972295,0.000102856994877672,0.000762223839941813,0.000321146850802194,0.00044782685405939,0.00038797861646515,0.000596235067142301,0.000298156200106383,0.000190472650733077,0.000145841862294595,0.000555720243829966,0.000112364162687734,7.46395288522508e-05,0.000153959445249914,0.00014282561230204,0.000213350377874751,0.000115138423411382,0.000309628932719858,0.000364994339632654,0.000409890033347114,0.000231613219880449,0.000205356905550751,0.000298516320916233,0.000132330290445583,0.000465256875844546,0.000850330518696742,0.000267046415557358,0.00144500120767088,0.00524437253471374,0.00113479514673102,0.00807926923307749,0.00116056135773728,0.00476273069277696,0.00186610652550497,0.00529318401952272,0.00171375146940557,0.00207929827552069,0.000887266983540675,0.000959777600383662,0.00104280669360435,0.00337499261520191,0.00515964387154832,0.00461910738802449,0.00690258431966025,0.00631332432239387,0.00867200522980747,0.0146947594031779,0.00743717584377698,0.0120552621819352,0.0142023981692716,0.0230067602656277,0.00594178127887539,0.00984447771781005,0.00600111542495956,0.00663890967734034,0.00423437262108589,0.00204269042097924,0.00256364819051711,0.00172470093770506,0.00143367491330786,0.00108322897476607,0.00132118751134107,0.00155210022792411,0.00158862565351358,0.00354215768232851,0.00115123457225011,0.00083126029290617,0.000480278539226547,0.000527429369913111,0.000121292324761994,0.000775562789774316,0.000394631842559758,0.000173113630665382,0.000285270853012843,9.25428932108064e-05,0.000113339209791564,0.00058320645373144,0.000297576634453001,0.00027036332192555,0.000251911798846168,0.000437230337093776,0.000195818064891352,0.000251831205059605,0.000267566690185819,0.000209662472550747,7.94889954578213e-05,0.000225074803143023,9.06396498802669e-05,0.000189003735863847,6.60662725166966e-05,0.000216189002571132,0.000245323076351753,7.28945014512859e-05,0.000117336659200658,7.30438510093306e-05,0.000212824066073631,0.000148756112861896,0.000158229593545212,3.14588006262973e-05,9.5633046218538e-05
5.85883880605351e-05,7.20546295176831e-05,0.000266126229635931,0.000179347840138361,0.000169930634614071,0.000271959281762718,0.000134660570144428,0.000219444237010319,0.000128604572416771,5.48186947588063e-05,0.000103667211727085,6.32497871009713e-05,8.86085999623617e-05,6.2411405013628e-05,4.18262722126235e-05,9.35183620675147e-05,0.000198003370582049,0.000191178369178047,6.5134250725954e-05,0.000676271491033715,0.000604410573441339,0.000614522015757418,0.000849205600441782,0.000541706530404303,0.000454173935320292,0.000319078194544146,0.000408619251520827,0.000364113586231629,0.000235281149265489,0.00011068461808439,0.000106825646807771,0.00013395408101581,0.000120017189287512,0.000274876010431946,6.64383492444373e-05,0.000446910933035698,0.000474325346374354,0.000895554066515525,0.000408775722381664,0.00028272078360293,0.000359969475031332,0.000189153029458785,0.000460476167547966,0.000242296489534684,0.000484861341231084,0.000412921714121089,0.000614012421454633,0.00083828677008276,0.00164965604440915,0.00345565722987832,0.00247805123163331,0.00343320843179051,0.00073840200630335,0.00123847213771465,0.000865934438043603,0.00102478509899312,0.000849428446952296,0.000703446131755847,0.000182600825088579,0.00125930796809163,0.00352415435530777,0.0013336898218339,0.00248538420715842,0.00831011845800407,0.00303441027184965,0.0129682500716707,0.015390324119029,0.00843619230179322,0.00988809522785719,0.00654528155869,0.0179711173000063,0.0105384457224495,0.00884380928793462,0.00513701674747941,0.0110851704128732,0.00153088649344539,0.00299628776497,0.00280817631697005,0.000528274397405733,0.000994908141537966,0.000786851415059229,0.0010390260999372,0.00156884017440101,0.00184860335957073,0.000448274034139453,0.00104464371191208,0.00132028769656689,0.00063431456902337,3.61223093047895e-05,0.000570417947871979,0.00052865146818671,0.000300615292089592,0.000559353868188884,0.000697352093573974,0.000155777529642975,3.57551265964788e-05,0.000443247380275221,0.000484622099178189,0.000485701028669536,0.000435631599600999,0.000524175725275186,0.000140216165704317,0.000379722312762359,0.000136143709408576,0.000138179940965695,0.000135913513305005,0.000134866889522299,6.11989440776995e-05,0.00021364278013003,0.000142272282873243,9.71928830541448e-05,9.26818403416833e-05,0.00023499427718927,0.000256485578557903,0.000213505477813545,0.000126273151230486,0.000204901226391694,0.00016451375015141,7.29439625551889e-05,8.77712112006204e-05
0.000193818218338296,8.94174786525798e-05,0.000161381172787328,0.000125771632613953,3.65379108076101e-05,0.000309327024437083,0.000226177319748322,0.000210140933168563,0.000118489443485879,5.68446379294919e-05,6.10965738798851e-05,0.000134758970662519,9.02889289655246e-05,6.50364148236974e-05,0.000106519223489821,6.10358643865324e-05,5.79406206870778e-05,6.1821583503456e-05,0.000175509626126754,6.38197686713917e-05,0.000250748762977963,0.000159634960182075,0.000137848271681192,0.000188711720853298,0.00014462837252872,5.60782942787989e-05,0.000169749422740057,0.000238636803674035,0.000325787435010003,0.000262072796100458,0.000199630427114749,7.20302665573454e-05,0.000131359692044383,0.000146327614198582,0.000149094010366092,0.000325443216841521,0.000311412808734586,0.00022681645858878,0.000333801035601287,0.000235384959264244,0.00058002777589543,9.74616100938494e-05,0.000177264902473429,0.000262643714047775,0.000199906012662429,0.00047663910826716,0.00047028981354587,0.000809805573833296,0.000541652073846564,0.00165600110708435,0.00238154073899795,0.00138392425969735,0.000806126837062529,0.00179359352874896,0.00141691779210039,0.00094031351619318,0.000539689743573161,0.000524484732715166,0.000759766717114416,0.00131984843341621,0.000859798786321177,0.00152881400823333,0.00317764650531692,0.0063274111556976,0.0097436575112991,0.00866423725221699,0.0253539233258265,0.0184980664274407,0.00651463064746306,0.0247041881467544,0.0291828436287757,0.0113230191409467,0.0083234082099516,0.00558622689034857,0.0126589870168274,0.00251874733089002,0.00345630923394316,0.00111667975924526,0.0021038024168895,0.00041625468466412,0.00109545022704987,0.00028823920222718,0.000224546036122203,0.000630672892343751,0.000735325361541294,0.000612980836890232,0.000652377816139314,0.000390889119443518,6.45667935612166e-05,0.000309870146813094,4.7412718468693e-05,0.000291005335751859,0.000287035979963768,0.000118323252668236,6.09461999523799e-05,0.000157720864033937,0.000368587841460641,0.000339321518618445,0.000431701202357306,0.000225301550977186,0.000249147366895162,4.1096090340975e-05,0.000106093203584205,0.000112415421534469,0.000129525274570385,0.000261270844620793,0.000129336612544025,4.95494114550784e-05,0.000252593460178318,0.000148282522730614,0.000196906338186622,2.91385634720424e-05,8.99556561684552e-05,9.77494509212196e-05,0.000212944594954525,7.75725325980574e-05,9.66803076915889e-05,4.25468333263568e-05,0.000124458022049312,0.000118364555219885
0.000171381104388512,0.000158719087193955,5.94060035588551e-05,9.5788154186485e-05,0.000216010224787482,0.000218610671038651,8.74893019147904e-05,7.94674290488264e-05,0.000118013933573379,5.69342983699104e-05,0.000110786966277112,7.44441199585648e-05,4.83349030383782e-05,3.73900940561982e-05,5.81154180126222e-05,6.50432965634125e-05,0.000124128183516182,0.000177486982313378,0.000103927611630107,0.000145975487863759,0.000264372520110554,5.35805884613171e-05,0.000130038485692105,9.28451252287317e-05,0.000367904343466038,9.52427163880359e-05,6.37591890514101e-05,0.000379189460072829,0.000106377951036366,0.000137321376750381,0.000106484238094721,0.00012136756169303,9.63132318063623e-05,0.000203671579513273,0.000102287806556455,0.00020333364849622,0.000141814145909393,0.00023108852656664,0.000190159075714844,0.000114895615236167,0.000107936355981258,7.31200194311399e-05,6.7824183108762e-05,0.000224197705919707,6.09239660174614e-05,0.000143132500403106,0.000222677968614288,0.00018762529713367,0.000174339944142337,0.000980862201249418,0.00333204696059785,0.00203666581422249,0.00122275545571948,0.000553329889665745,0.00108755679309162,0.00138997714932775,0.000635990414039846,0.000478046282578405,0.000888230110919418,0.000728996841433513,0.00142040211753435,0.00130834896603314,0.00409953355201466,0.00278098848304003,0.00360572093371526,0.00733583076438108,0.0105949881288865,0.0110549615392658,0.0111469580406175,0.0121616023280414,0.00761328196469301,0.00801611863669601,0.00796863667450669,0.00570891247189087,0.00464831448282553,0.00179943928062671,0.00298095223603098,0.00165160301366553,0.000950958045367244,0.000747026805542814,0.000881207531131686,0.000180988637244362,0.000182202328494757,0.000175012152079684,0.000281643782759507,0.000208729523258626,4.67637077078142e-05,0.000172442916747249,0.000120459481611289,0.000233608102482119,0.000149844426785315,0.00031654759385999,7.80450114813861e-05,0.000145095394166751,0.000112940478937808,4.13452122584363e-05,0.000127882124764733,0.000180918676856269,0.000116315167432013,7.65599587180838e-05,0.000174216520691516,5.15125763451951e-05,0.000126708033528028,9.15262948397104e-05,6.87095177972149e-05,0.000139775376575371,0.000128997067785809,0.000144595448624976,0.000154293505963345,7.49727619827545e-05,0.000137371528286121,0.00011094900015905,0.000181230042497735,7.47197454570207e-05,9.00933241311859e-05,6.17435244566506e-05,4.27828403887438e-05,9.0893912683287e-05,2.16510559786653e-05,0.000129774854714629
2.85088673830097e-05,2.04255188527062e-05,2.47571627634211e-05,3.39174912755452e-05,4.91779440800754e-05,1.68241045114149e-05,1.39737415554607e-05,3.86988448698425e-05,1.2106298554385e-05,1.07318782903714e-05,2.62827163411017e-05,2.07435100277793e-05,2.96052188662714e-05,2.44972120375489e-05,2.64608150734903e-05,7.01305594914425e-05,2.51013035031786e-05,5.43078352384836e-05,1.94066996864479e-05,5.87545702755591e-05,6.67594284969754e-05,2.82610066876301e-05,6.04100214229635e-05,4.81976056142925e-05,3.19151209211585e-05,2.33870879195601e-05,4.39988685311497e-05,3.21217866108623e-05,3.30240920867268e-05,2.97669378719718e-05,2.19050650898764e-05,3.10134783705163e-05,1.17474243964384e-05,2.58909855356677e-05,4.89870074787862e-05,3.83411532154551e-05,3.54446180758105e-05,9.20318248731929e-05,3.95040153038287e-05,2.55261733587475e-05,2.70515521190426e-05,1.62718457021456e-05,3.71016186320515e-05,6.33040167971134e-05,4.54602182240772e-05,2.10923470071836e-05,3.28975548271861e-05,6.82181286440401e-05,3.538183800089e-05,0.000582605351188726,0.00069754618526452,0.000199529071020895,0.000212270170039544,8.43306368171371e-05,0.000192824258008435,5.82078746049599e-05,0.000101072411331655,9.54124710137382e-05,0.000207985138081882,0.000217115891377514,0.000459023488522581,0.00106392331007449,0.00063969168679612,0.00302920265661567,0.00333536965427925,0.00121200312136332,0.0033843732902406,0.00238496459162071,0.0102915382432999,0.00170724176662619,0.0021768406959364,0.0030737514710171,0.000520732584493334,0.000811231350665671,0.00143439271876229,0.000450410081436004,0.000828956124339693,0.00105682769244252,0.000300324020669205,0.000290309710697296,7.71778335397212e-05,7.44332400144264e-05,0.000166647328232688,0.000136815908553919,5.43037558832895e-05,3.33752335672648e-05,3.63646498826904e-05,8.6399449799876e-05,4.0422092946314e-05,2.55827194726565e-05,2.15999272270186e-05,3.76117403895675e-05,5.31215800736315e-05,5.72063938363617e-05,0.000100620234181311,3.82512398980341e-05,4.61644127983282e-05,6.28045014441455e-05,5.32218685478465e-05,8.7929876234294e-05,5.53194863343754e-05,1.71795056696493e-05,3.48161441680213e-05,4.41550823296223e-05,2.45595154250976e-05,1.4852919589214e-05,3.61802256477263e-05,2.08240001914255e-05,8.48423057660125e-05,4.24866092098571e-05,7.95343958820448e-05,6.5329053529225e-05,3.38390134630691e-05,3.08774249849778e-05,2.49475683220794e-05,6.82267589782872e-05,5.5835509808398e-05,8.16324443320882e-05,4.32836890645193e-05,4.0511368927016e-05
0.000407795383052833,0.000140401019572019,0.000825724127229281,0.000136470766583181,0.00150145190812746,0.0131845958857657,0.0429725527432393,0.0318765189499845,0.0503522271730913,0.0148992049282487,0.0403417223484379,0.0221248209413875,0.0205371241013007,0.0112562267224536,0.0150809797979819,0.0135389190174453,0.00426878745261977,0.00284051379529182,0.00520606804458547,0.0340565422024241,0.0663262349648079,0.0789988877727497,0.0299651059882124,0.0296147032823171,0.0310656800088091,0.0305758961998665,0.0223260530705928,0.0265736528137678,0.0262723057518767,0.00472029054607495,0.00109021412667767,0.0122290990261863,0.0123353761301348,0.00496681977564905,0.0155533451368136,0.0330445918777799,0.0348571743265945,0.0317231316552728,0.0260262220873024,0.031713426664384,0.0189885115421113,0.0138393345720843,0.00737905805512329,0.0147388325804302,0.0179530980015588,0.0221110779091096,0.0291049791916166,0.0242047163327281,0.0202275895439921,0.0220240220900209,0.0181677175637551,0.0281830724903281,0.0281281274222346,0.0199237986194825,0.0303378242208992,0.0507593812101072,0.0311140201158768,0.0263901330884871,0.0205115430557418,0.0200628548130846,0.0314524616789425,0.0173293598372798,0.00794889667250671,0.00652629832343172,0.00493226501984131,0.00668673588346768,0.00281372224031609,0.0020347110209233,0.000912872209329424,0.00192830673074434,0.000411796101281389,0.000974193373936736,0.000902848221364519,0.000370533268088952,0.000716612884498396,0.00110979354596114,0.00484225495838972,0.0229462655121075,0.0170521504280686,0.0230558711582589,0.0112870892846829,0.0143113677487412,0.0195442112376008,0.00434262445272801,0.0163535845667127,0.0216714045720054,0.0144447468077673,0.00319464174285351,0.0169547576612454,0.0176235159851662,0.0151824278893136,0.015082948987028,0.0204527870104009,0.0281552553600362,0.029375320553805,0.0203428219673199,0.0225805162349212,0.0237299188735997,0.0248517317708315,0.0199811987335408,0.0103247435905291,0.00083061432892324,0.00562428356755313,0.00174942542895058,0.027567874905249,0.0385394344641349,0.0644066943890665,0.0372947838898897,0.0360544097522308,0.0320323589566569,0.0301179105906783,0.011521274521024,0.00861957611153133,0.00714336488574128,0.00772345169572857,0.00521894453459637,0.00126882661444695,0.000568082549564869,0.00232793482633161,0.00107287143668563
0.00146800791085179,0.000855003976393336,0.00136003965686727,0.00273637448497083,0.00268609470491848,0.00546198941970141,0.0151153374270909,0.0313224834407507,0.0187924456001493,0.0283991394556667,0.0118590123901124,0.0222121605281439,0.0245529611804187,0.0111646560055239,0.00689014413234511,0.00719680457042684,0.00422685401254173,0.00224350678964661,0.0136126726079525,0.0293825768253,0.0402534177042887,0.0508484852609494,0.0729694811946536,0.101053951912659,0.159094010081539,0.109182642754851,0.107848131496518,0.0569230456071945,0.0442613645951015,0.0167682218342945,0.019283988703612,0.0207339429599593,0.0203309994816249,0.0261804360862911,0.0353753218253198,0.0489909984119739,0.0576449246340772,0.0606587130776987,0.0497605425316605,0.0443563964692263,0.0241878230625155,0.0301517407388997,0.0464156086216223,0.0610991377477385,0.025628125147284,0.0197537062320052,0.029109990490064,0.0466544499359597,0.0399315006651783,0.0480566528118371,0.0252009528713212,0.0513616353876669,0.0432849491105323,0.0665606752725103,0.0513096074612761,0.0399832554234123,0.0571417819632563,0.0420920218158655,0.0233956817283121,0.0224572521295009,0.0126160696823283,0.0139711056382304,0.00822596978109183,0.00713631715560537,0.00552972862811446,0.00379713581496789,0.00581914182574798,0.00195597610051045,0.00359438448832864,0.00159865695840037,0.00130076802235496,0.00258971560133337,0.00151688668431621,0.000915894146273001,0.00176884609787942,0.00180520446983698,0.00834268189546601,0.0474533894959611,0.0256604742615403,0.0185093265677051,0.0330733458653363,0.0397710159458631,0.0465738011783924,0.0185510489651338,0.0151551656056684,0.0175369164828192,0.0252595843770301,0.0210074151901476,0.0319919949656908,0.0459304022294852,0.0384983029712048,0.0141099832435778,0.0140070699221763,0.0212072919366048,0.0450213457929725,0.0115088824146482,0.0119100968144132,0.0144765094941241,0.0473770264415307,0.0421537695300837,0.0106509802572247,0.0138880900491448,0.0182676118611713,0.0134596638164114,0.0243114904581254,0.033370317256615,0.0221724043047263,0.0187480855654276,0.0323073082804568,0.0153631116759544,0.00935249354697023,0.00756905006360257,0.00394569403315012,0.00535326868300294,0.00516646990126603,0.0020045312032434,0.00208448975869937,0.00204894961573964,0.00199241225934998,0.00352962713082173
0.00405079382618453,0.00660098964364475,0.00536262636171554,0.00506551632730616,0.00710180585511923,0.00531974958280505,0.0317297429796991,0.0668631646169187,0.146248180094236,0.110711813874262,0.0501184256088313,0.0534521322789548,0.0233267802224718,0.025868821103867,0.042458873187689,0.0258725534497952,0.00828191320515444,0.0214660618531392,0.0431606117789647,0.378812081771608,0.0674552266704269,0.170788190786742,0.474214667375797,0.490822518558258,0.619141703505312,0.800341400870375,1.18635890620605,1.16159708680126,1.18474744077754,0.574266877342461,0.211427598010841,0.143301487548828,0.0519183155038036,0.0443873364150024,0.202287682972523,0.481570744988413,0.781768034445656,0.648962039552066,0.559560208309675,0.389120570233468,0.220966403833727,0.0292831032619395,0.088177304193672,0.146307347726636,0.182983882816811,0.0892654477932024,0.090626839985159,0.0830185924575538,0.0357114611018925,0.0835147368938491,0.153090085716777,0.201165576214657,0.260622577875225,0.0708410352505012,0.141497914956011,0.525571546017063,0.449067486123414,0.192217979314453,0.0488146991695629,0.197058643087089,0.0507942858929895,0.0836008110583891,0.0613059803019262,0.0205348464835296,0.00706515541874339,0.00681562291110908,0.0128432090214841,0.00963251445100726,0.010081507427478,0.0140981754923219,0.0118004890187161,0.0115008335390996,0.0213723413837061,0.0203997000203617,0.0139034448614313,0.0160699973731494,0.0117856822825499,0.249562171339746,0.431337675884384,0.0675928366654213,0.210210857878436,0.222318906080504,0.0552308861410202,0.176115081906773,0.329305404859871,0.205485558477179,0.158404889264195,0.124823570251992,0.12044969237249,0.195815855009719,0.0186898531522087,0.0454914139476307,0.0334088322075666,0.0274338347478673,0.0272469130385884,0.0660107965683512,0.0718631943664544,0.0225142171211266,0.0451313341553948,0.0712038235979018,0.0348746131760386,0.0651108078162081,0.150849183218558,0.133000380976132,0.136631282078517,0.16826149003149,0.174339912464666,0.107056608020339,0.0942313763760591,0.0340967538170491,0.0336832581087005,0.00882522540011674,0.006506784187467,0.00250845682145716,0.0108544159409848,0.00348496444004748,0.00719979586371744,0.00220755810352516,0.00746217852478524,0.00607431070190567
0.00171822701906593,0.00151253686152518,0.00316691567408216,0.00215783348973906,0.00252140874144493,0.00618503458616648,0.0333751301880316,0.0590126156625652,0.0830108800154039,0.0880306578935107,0.0811415895067423,0.0457765773268978,0.00179353250507662,0.0149863833269842,0.0199352085048109,0.0243799924727371,0.0256362477245695,0.0242543827958548,0.0346285599616262,0.16547335552178,0.0568670823811347,0.116359469165579,0.287309651534494,0.691086817328674,0.558990460305347,0.490103667185838,0.316732751252453,0.580559585361956,0.554483216983588,0.200011942488282,0.0281653495317179,0.045511399849683,0.113143689337333,0.0591887257703132,0.0790798246377835,0.228379903067883,0.157095832708643,0.0944963862857482,0.10705433306711,0.0564964584309375,0.0520528704784548,0.0166503758861912,0.0386947556899736,0.1434112968485,0.111951506120991,0.0990994607350128,0.118042352638633,0.168642306422514,0.119124527864835,0.0690584047725913,0.133043052515054,0.0433090776842014,0.171470210853603,0.069469787077484,0.0640770291591473,0.129999441072145,0.0641968059074167,0.0816667816749986,0.0436851160373459,0.0242314635506945,0.0428131189328669,0.0160786249351226,0.00861984307555662,0.0103095864612091,0.00532728860067809,0.00877699599237155,0.00965209050790252,0.00643216379365124,0.0125938725410405,0.00185854872958048,0.00450956576126774,0.00180478480347878,0.0117248943832755,0.00649235363775136,0.00176913444422607,0.00193216468430861,0.0155745835514942,0.0581910357865794,0.0574454534740774,0.0365308989890768,0.191216516572029,0.0923900254490311,0.0577942107502249,0.0463188984466977,0.172618862406849,0.0640282919333023,0.0191880047143892,0.0236689954436527,0.0357064861556598,0.0676534065318151,0.0225007347060243,0.00800985137767841,0.0174043640940828,0.0109543708825658,0.0255224324882521,0.0282710178414818,0.00421506407982531,0.00788892819124732,0.0378189759047919,0.0754735059495082,0.0593593094575313,0.0101082033507555,0.0871893994861753,0.109762115394923,0.0182299182190109,0.105355630650746,0.110076622131285,0.0593077056346658,0.0402112820067723,0.0265195432449117,0.0172296673479162,0.0100261921777937,0.00524757110192882,0.00166761442552636,0.00352591578624936,0.000965897292514554,0.00301893968783255,0.00279740751485213,0.00363441338621717,0.0028475332430263
4.81172735557055e-05,4.11919452547046e-05,4.80201983019807e-05,0.000100831792167398,0.000169547033296635,0.000301621380753388,0.000586007195252999,0.00229876907956088,0.000483775902444933,0.00123573538500441,0.00151308683253599,0.00054002521199744,0.00028345135310832,0.00039795729647131,0.000392066284347605,0.000878217380584015,0.000396095471897252,0.000186361910711999,0.00128789572485517,0.00699005366538688,0.00803240502946556,0.00122834174393894,0.00398510304554119,0.00855016444692035,0.00902551843523937,0.0151369177876134,0.00551301273984196,0.0061025508240714,0.0118870885266006,0.00192921911378492,0.00206201095708843,0.00322453796820915,0.00105312078205358,0.00292188824368154,0.00161024880370066,0.0154462704970493,0.0188421100984802,0.0150158873488019,0.0211266251111471,0.00530330432330711,0.00246078417451832,0.00248125208513766,0.00175918145246352,0.00229359988292681,0.0147896261157466,0.0041030409835715,0.0169322212216442,0.00456382561561989,0.00163511585314338,0.0016898828318967,0.00310419782817726,0.00329722385311914,0.0175196602099311,0.0192040839448202,0.014918964412308,0.00219640593103367,0.00460356579303308,0.00573007088705851,0.00163042770712681,0.00440479961338191,0.000742490828219016,0.00146041669766413,0.00190812034048544,0.000606913232396082,0.000598735276872659,0.00032933990228546,0.000152204631984834,0.00125734455746939,0.000418969325179714,0.000551147962126692,7.85317397140833e-05,0.000180709815147533,0.000312354680426454,0.000365039575489242,0.00017435072408268,0.00012111650452164,0.000938868805358255,0.00384641497480829,0.00642824092626206,0.0046916912453896,0.0127241948264056,0.00740871929390131,0.00294945702706155,0.0110932245518266,0.00246695230320433,0.00260183854201095,0.00198009902345559,0.00569521149298262,0.00135925691756738,0.00512157802576638,0.0167203273865522,0.0137845956519319,0.00622103807830666,0.00763367308576241,0.00905237411964247,0.00417342222510021,0.00373143978566792,0.00321469124124734,0.00110577715846841,0.00985628969590965,0.00590289822912573,0.000660517911579101,0.00143123044576351,0.00193217563783822,0.000340699065086151,0.000958851713945586,0.00203818302894657,0.00341332217791294,0.00248827326360246,0.00146050205413641,0.000522205779206767,0.000254654497559052,0.000236805360491966,2.74502826556893e-05,5.91997080362523e-05,0.000120710991067167,5.46813721606075e-05,4.35802932302815e-05,0.000132763618227924,0.000208437205650884
2.42025340889138e-05,7.98167726912875e-05,1.57659339026255e-05,8.38036878297683e-05,9.50849254423273e-06,3.10043675846984e-05,5.74194986115118e-05,0.000104645277657087,3.96960544188504e-05,0.000334546986239554,0.000107939177391351,4.08103654291523e-05,2.20193039026165e-05,1.49582570726818e-05,0.000145012181739303,1.88296410365582e-05,1.20191687027378e-05,1.59996670512793e-05,0.000164270684925655,0.0005485548092937,0.000338821477381373,0.000377251833851242,0.000336223466804846,0.000932780659274631,0.00156171222650806,0.0001834841376284,0.00194293022625786,0.000250691642338251,0.000169704931652926,0.000318616354058413,0.000311007318280362,9.02578837440774e-05,0.00025919698310564,0.000218911385832377,0.000205978883344067,0.00118620960488343,0.00644119691621051,0.00364906309824513,0.00420920739909783,0.00197201580219876,0.000610812205788579,0.000735033814549012,0.000407632253521164,0.00184896937811282,0.00123455569016621,0.00232294107859298,0.00385841115423807,0.00641071900545588,0.00640672950428623,0.0292677595620878,0.00796054707765361,0.00208113767504417,0.00105472746738074,0.00124174607953176,0.00179708705822237,0.000216095406998124,0.000430404059051278,0.000270082891825968,0.000576134579960094,0.000284265400809554,0.000288929375336494,0.000208735893862249,0.000101578732076873,4.36696665801233e-05,7.29122444442441e-05,5.805847156424e-05,2.28922786851526e-05,6.13060138992464e-05,3.23120841075438e-05,3.87136804090659e-05,0.000113901902361887,1.35725171510764e-05,1.06010960453305e-05,1.04171354519503e-05,2.07610539718141e-05,5.39218836325216e-05,8.62910497328641e-05,0.000351376499768517,0.000286803638717364,0.000161339270562523,0.00497558068435171,0.000877401728025062,0.00220837490922948,0.000933335265186736,0.00325823499099536,0.00184251868519892,0.00163621030273702,0.00235915541694274,0.00124864730771268,0.00147932830110448,0.00335506703058965,0.000915490571308737,0.00195586182577299,0.00220769679938964,0.00143952894409471,0.00133416365565359,0.00333981972236209,0.00111441113408649,0.00126406464324784,0.000373933028230587,0.000689400490318237,0.000297637989622291,0.000301559872262692,0.00039942939331317,0.000368996256428998,0.000773496210067386,0.000705301181586728,0.000220416030283667,9.33553971802746e-05,0.00070292871032009,0.000314672758052012,5.93057672155762e-05,3.23050386958772e-05,2.18953399683151e-05,2.6826975427133e-05,8.02069180734379e-06,7.44852329332576e-06,6.68757072747076e-05,8.19407061223013e-06,7.75468225581121e-05
2.4219067276121e-05,7.29091195283251e-06,8.51058712987618e-06,1.02904960621822e-05,6.46080974776271e-06,4.37915856420437e-05,3.61637242993786e-05,5.64833504651656e-05,4.18062135186519e-05,5.43658762202932e-05,3.76750410055839e-05,5.96349076112527e-05,4.180263641255e-05,3.400265048024e-06,2.23080224144157e-05,9.80028402564647e-06,1.50855084093083e-05,4.67145854979959e-05,5.07193907801662e-05,0.00157877960911368,0.000502207225918445,0.000178488164603285,0.000366011513899565,0.000716657289050692,0.00218539216007215,0.000397012945522883,0.000516620875336116,0.000117555632935042,0.000240407426675431,9.96040170344809e-05,0.000121703589610433,5.64476256184084e-05,0.000100199381208484,0.000243098868077374,0.000670909167354469,0.00147522207255043,0.00220587300546006,0.00272572051996805,0.000821746635171579,0.000741703134055796,0.00731115220055961,0.00218133088482282,0.000750935404689722,0.000568859255575961,0.00329475727985125,0.00812375195690004,0.00282286317611979,0.00473157978857045,0.0027644310875148,0.00704271412474869,0.00539915728829335,0.00113098755899006,0.000405474541715841,0.00204428413597955,0.000710246911757807,0.000534956871341366,0.000231139482712962,0.000402853761204239,0.00068036678118822,0.00027269402930771,0.000139641783376422,0.000144485668072956,0.000125691835342848,3.95915626983295e-05,2.64440709840986e-05,3.05315603362212e-05,3.04062253690603e-05,1.85936430407829e-05,3.46671975221899e-05,6.39908910226245e-05,3.33891874947276e-05,2.84689285097475e-05,9.82560554915708e-06,1.74692310428283e-05,5.17779239026396e-05,4.6202926218388e-05,5.81980255299304e-05,7.82653529471481e-05,0.000277266497086892,0.000332928053604837,0.000312774748488643,0.000152628595511251,0.000535530482656906,0.000999964580113484,0.000558317796471584,0.000385228691359972,0.000463535574465719,0.000444239357536726,0.000542500840074034,0.00362573340633297,0.00108213428652291,0.000550530835778428,0.0025291304140619,0.00152140596741006,0.000498645016470535,0.00139790751038526,0.00310727749884061,0.0106249290304528,0.00102516676297408,0.000736692655173413,0.000680692847284149,0.0011841481499888,0.000365049764982815,0.000236844438806512,0.000143722103970377,0.000507824348441344,6.44590801226494e-05,7.91296908832742e-05,0.000177077017907895,0.000254201895029252,8.51418231133692e-05,7.23063937847341e-05,8.7973297067741e-05,4.07435360413081e-05,1.91584376997257e-05,1.80909900432116e-05,1.21776374406126e-05,2.68531173132705e-05,1.77695790594279e-05,3.1330651694545e-05
1.0706388221575e-05,1.8727949587027e-05,3.75003268263552e-05,2.26987851489126e-05,2.86329786800203e-05,2.3667089761529e-05,7.16590161080304e-05,2.1680139242776e-05,8.13682569522146e-05,0.000110760871088437,2.55852970751345e-05,4.77686250736533e-05,1.7240449295003e-05,3.24959075662282e-05,1.11800036793424e-05,3.5670146413032e-05,4.00046363378888e-05,4.53131430451828e-05,0.000111121244506469,0.000364217580601473,0.000634344875587835,0.000551911654096083,0.00113960513453494,0.000251806234918253,0.000941299690132916,0.000878452193275394,0.000518986219529876,0.000601028109773859,0.000362291565800106,0.00039943543537589,6.71494346442776e-05,0.000191520363206987,6.79193524058164e-05,8.19740322324079e-05,0.000332621618052422,0.00050816324794254,0.000541873327616578,0.00155726609082154,0.000381543519454727,0.000154359102113154,0.00023902725748126,0.000268925365883465,0.000297999696651363,0.000822756883308048,0.000518475049802887,0.00293923035231921,0.00189127537707465,0.00287768011520793,0.00173944025888965,0.00104794378118736,0.00145251006876644,0.00119502549447059,0.0012376078208184,0.00120607746266871,0.00046409459087501,0.000429998828889003,0.000502652172292696,0.000446404041975884,0.000421447472847857,0.000135551742901117,0.000107244146678332,8.1121815419035e-05,5.42666819930314e-05,5.53731771802139e-05,1.32785120197798e-05,3.47077529841168e-05,3.5934541504525e-05,1.35960626122367e-05,2.08770482315849e-05,3.88031047965475e-05,3.58262167454744e-05,8.14128980815368e-05,4.11181036352825e-06,9.67978005371954e-06,2.11186170126346e-05,6.58436855836181e-05,0.000113909720312078,0.000711190110803721,0.000442154926023005,0.000208313954444869,0.00140585797772897,0.00103687552025892,0.00188986232296812,0.00163293226701322,0.00132337510603633,0.00071786635686021,0.00104298904769564,0.00184850213453787,0.000870526295842918,0.000421783208333791,0.00133345818742065,0.00225754885326955,0.000978900170208251,0.000278729904046466,0.00110630541831169,0.00172948728625728,0.000584772420266819,0.000980075564819896,0.000478630317908486,0.000443086619611011,0.000203942226942566,0.000756790566445901,0.000201987988114314,0.000170030030047962,0.000231233011436169,0.000426590666924989,9.87957039697166e-05,0.000133688480600285,5.43202730611055e-05,0.000187228583597098,5.25077625698118e-05,7.78292417054149e-05,4.7220667563852e-05,1.74003837993501e-05,1.63241030617593e-05,2.27675055251041e-05,3.19096184686417e-05,1.2416877687455e-05,3.1366450558696e-05,1.5463320357893e-05
5.44365621946237e-06,5.00227496647426e-06,5.17315890293954e-05,1.89173557106502e-05,2.54974064508121e-05,4.35725698712829e-05,4.09050599070163e-05,1.70142809074357e-05,6.14975061458383e-05,4.96579685867863e-05,3.65184168439845e-05,1.55833589699744e-05,9.32601966606396e-06,4.49778655477464e-05,1.57746160005719e-05,6.74349268127693e-06,9.65241537215325e-06,3.92596172835772e-05,0.000212160857221355,0.000572907684758246,0.0003474215991471,0.00033649542322996,0.00058077471802289,0.000197598398776662,0.00170427883310807,0.000625313940119803,0.000859504604892063,0.00101374040537009,0.0003357146848375,0.000247266096810042,0.000250249184293479,0.000192222920344226,9.42508690698294e-05,0.00015253372872765,0.000123455247831361,0.000899532570246628,0.00025277844502424,0.000416653096053657,0.000556268539804271,0.000226381912052579,0.000442477691416747,0.000562748425560235,0.000161418068252322,0.000337617291689809,0.00229663910897447,0.00509038444120666,0.00258570308809772,0.00390071399003649,0.00408961599273979,0.00240985525454786,0.00187149636131266,0.00162874988203279,0.00163228493916713,0.00187042400488747,0.00102943552948278,0.000537606729570558,0.000730640792001926,0.00100704041259283,0.000145734578488119,0.000370557239470971,0.000443969562863263,0.000346965257258114,0.000122196392116867,0.000141461855673358,9.78708456532916e-05,3.94269558091201e-05,3.70808046943026e-05,1.95771241813246e-05,2.59115741936819e-05,5.5975411633982e-05,2.20495993628553e-05,5.68242616327618e-05,2.07087033287403e-05,5.50512289229065e-06,2.98505167459159e-05,3.97073715083431e-05,7.83109378788848e-05,0.000510848658780895,0.000703198184683061,9.16013085166202e-05,0.00080709892497354,0.000367461086406329,0.000856241703237465,0.00134680735702641,0.000599478262786556,0.000995186207117162,0.000124765630821338,0.00106956744244559,0.00181154281139602,0.00056212619525672,0.00291389218676363,0.00138897063303155,0.000444476735832131,0.000285560849571937,0.0006501947025178,0.00204602763559681,0.000305725972339629,0.00134738156019308,0.00162519371552718,0.00145960506072377,0.000127417314534461,0.00181815347151711,0.000173999458306285,0.00030024345704127,0.00012936676898159,3.95936921563795e-05,0.00024664033234442,4.93239594640927e-05,5.80373983887948e-05,0.000307223338945647,5.85623717098781e-05,0.000104916982053348,7.57697243394214e-06,4.17644340925969e-05,1.90887669781193e-05,3.28280701727924e-05,3.65299006853464e-05,2.11276474581642e-05,3.23672822403855e-05,3.84235583868088e-05
1.81989474965716e-05,8.32525397021857e-05,1.60662863730204e-05,3.79588097186507e-05,1.59054462637734e-05,3.39327631830711e-05,6.09414280771261e-05,4.7202520082311e-05,3.28190211409162e-05,4.40646975093522e-05,9.57495815724466e-05,9.97533996833888e-06,3.18776220147124e-05,8.56267491100351e-05,1.75499871987422e-05,2.51062727839353e-05,2.31731899548555e-05,1.76730878113454e-05,0.000125720099892325,0.00028836893892967,0.000237017581282859,0.0011780570658587,0.000414979310412528,0.00094666130976449,0.000652529568233084,0.000498132562410148,0.000730599019584856,0.00204956398424656,0.000854929030381789,0.000645787820411514,0.000203954992505303,0.000415025822240048,0.000219120428043736,0.000129850323834573,0.00016011105131425,0.000247350938111544,0.000405010718683704,0.000307749087275102,0.000606688376950174,0.000585745052628885,0.000269414290523427,0.000582849690202645,0.000100604249309756,5.37798685806354e-05,0.000325605206466685,0.000649351723753743,0.00230710323142299,0.001627936011685,0.00328930710829048,0.00360906907649742,0.00216478195417691,0.00441889415930948,0.0019663429964752,0.0030698752376681,0.000550793044049856,0.000967565718224514,0.00213626268395161,0.00124228083132178,0.00138168033970622,0.0013805027342121,0.000332297814488452,0.000424338295129551,0.000189062293320638,0.000142935581103627,9.12521067264609e-05,7.5485092912817e-05,4.44264056752923e-05,3.77028890407353e-05,5.29899066021172e-05,5.12861836748684e-05,6.8016338826548e-05,3.33416510687358e-05,2.08513326962146e-05,1.44573827272009e-05,4.18648267795264e-05,2.13393169646155e-05,4.81095901993898e-05,7.65300613842765e-05,0.000273834789797077,0.000277189256511175,0.000333935730214026,0.00268786947237265,0.00318225098222299,0.00527566232403051,0.00352599505640548,0.00116014563287229,0.000794865599906392,0.000873564442092572,0.0016951786269213,0.00124803828123967,0.00152004671808742,0.00249816693902833,0.001979334060299,0.00110523834172121,0.00086289461357503,0.00302670969681908,0.00104853839329412,0.00105315357109173,0.000868893035957367,0.000768406415923874,0.000310269720268339,0.000340904855040935,0.000406176051084518,0.000641878017851751,0.000160117589219577,0.000227791024725655,0.000166044837935768,8.74156638716246e-05,0.000104304371151175,0.000116477451137457,0.000126365033846858,9.47918591313758e-05,3.56978827461373e-05,1.53403044900549e-05,2.72656459428322e-05,1.9635159785836e-05,1.60183492368419e-05,3.61575485686629e-05,1.45568227555731e-05,0.000166408377424458
1.47396426258695e-05,1.59369639568089e-05,0.000115775054909272,3.69492573658088e-05,1.05897754795687e-05,2.28756041742195e-05,7.65478440380534e-05,4.48999919307591e-05,6.2422328631702e-05,0.000198447535022059,0.000110081803539007,3.01656885943649e-05,2.80300501573518e-05,2.89044037305959e-05,8.35705400520108e-05,1.90555483950327e-05,8.70393136437671e-05,0.000142921212408003,4.50720303463388e-05,0.000319569886197782,0.0011487160018239,0.00104580962335249,0.000487070357300292,0.00113779624569311,0.000171325464020716,0.000491370857318083,0.000849834693572092,0.00226727900806171,0.000223705970976859,0.000302071596126336,0.000344405710511739,0.000172051400211434,9.68913541474206e-05,0.000213739892550679,0.00010443834505469,0.000457685205483699,0.000674450927805843,0.000446294694994222,0.000245793819641796,0.000161301603524461,0.000278017184334432,0.000233681024366568,0.000265675535219852,0.000288567514528834,0.00136152541991306,0.0016782062020076,0.00170286370061963,0.00734982930538844,0.000549403580718127,0.0020935860237568,0.00263424746273129,0.00243654248629547,0.00669346701793709,0.0112237798690996,0.00206325441936725,0.00163367625847375,0.00160207744674269,0.00153259822030671,0.000252572107448131,0.000210739215120282,0.000289327546750178,0.000333204227791607,0.000318031442438702,6.58637386737448e-05,0.000138762820436385,2.43962410155054e-05,8.68829571718882e-05,7.75648699623953e-05,4.40480055231553e-05,2.01763112171736e-05,7.08513429521246e-05,4.97080358722223e-05,3.93021637128976e-05,8.38724485423054e-05,5.6736120323769e-05,7.30181278862585e-05,0.000109085016938089,0.000185109356819487,0.000173063643151199,0.0001366773454319,0.00211602776918243,0.00254411723213002,0.00203827562613891,0.00439187668448285,0.00289301605173613,0.000607029645456897,0.00159463993601338,0.00131509685843633,0.00249536607357652,0.00471561819921667,0.0011023203124671,0.00132373069007157,0.00173550647830269,0.00451199421409062,0.00438928363616074,0.00140795413747837,0.00113022700637987,0.000628344624202601,0.00108540592644127,0.00127211415361035,0.000734841389329969,0.000980628293276033,0.000168203333086718,0.000160877875011731,0.000269303440090104,0.000152640809100923,0.000175685905366955,0.000371105911923458,6.55081238808267e-05,7.64068220809672e-05,0.000193068504480012,7.90851866706129e-05,0.00017480179681959,7.96085605014124e-05,7.39428185809439e-05,1.56705745066637e-05,1.83041922103645e-05,0.000107972067651359,4.6170769132254e-05,3.75642050387069e-05
8.08405732306639e-06,0.000156703004546912,3.6814148085408e-05,2.00332326293029e-05,2.08440597557458e-05,6.40489116350893e-05,0.000141194763264563,0.000161146127546871,5.07121621901333e-05,5.81349160698679e-05,7.80748981112904e-05,0.000327299080000403,9.51439664824804e-05,1.42850309108659e-05,0.000138742295729267,4.04167140562769e-05,8.74830347160234e-05,0.00015494931430544,0.000110964708730092,0.000579313334027859,0.00258123267580591,0.00111308964018088,0.00287593713887565,0.00246575009463685,0.00316581164672876,0.00323131730042289,0.00111443742474304,0.00109042698952473,0.000461460084084936,0.00191661299796959,0.000890400497725219,0.000503445822179824,0.000309560392877189,0.000362841147180286,0.00025178366527206,0.000443874078702595,0.000210016014592736,0.00011024996376135,0.000207101788292935,9.19273063560523e-05,0.000207823310032916,0.000163603430325398,9.49896521266794e-05,0.000271439500971527,0.000569260283789241,0.000633212680079142,0.00221834600567383,0.000775142924224663,0.000560614591125196,0.00631116118512323,0.00595663977420479,0.00177300899771156,0.00443702426560337,0.00305220360330024,0.00170227379115486,0.000976714131731816,0.000939782215562784,0.00454975621127148,0.00206955645754465,0.000362105508159203,0.000719179253519734,0.000218046791513732,0.000425408712806585,0.00061596926077959,0.000557532024387721,0.000101865652399235,0.000385384956955863,9.41361974782025e-05,2.97974480123132e-05,0.000148953713500426,2.773858003676e-05,2.4878932647746e-05,2.11991071628002e-05,3.68451820706236e-05,1.11072446203575e-05,6.81788598204805e-05,0.000178920532558338,8.92383943169803e-05,0.000294184531743955,0.000281950525418469,0.000643323410482563,0.000483852945402056,0.000604921691604974,0.000753393249694086,0.00111705928465617,0.00209716864600052,0.00184765699743473,0.000705558130956986,0.000774091360665198,0.00171063950322683,0.00108417145740104,0.00147421891049628,0.000333332077000919,0.000314274511031535,0.00116630358671427,0.000823545633078272,0.000704711519463352,0.000416443042045095,0.000278518139510154,0.000641167891873562,0.00032969271440089,0.000164861185413608,8.39354537522798e-05,0.000186634663550622,0.000221459326732495,0.000145058935424812,0.00022726130504781,0.000191552507642734,3.86708693394647e-05,0.000175461279436392,0.00011651460910029,0.000390783252187542,0.000161945077915503,8.29792832482518e-05,7.22733548920867e-05,2.04300599547485e-05,2.54531265323897e-05,0.000114645041316193,8.05934778057688e-05,5.16314453997356e-05
5.96752291164054e-05,3.61252335027711e-05,6.8109100952098e-05,4.90525602630973e-05,9.48965531814731e-06,2.33132201912017e-05,4.94303771656181e-05,2.84344307567116e-05,4.5521064434283e-05,0.000418746213683699,0.000658784893329488,0.000185315972540114,0.000195848156714326,0.000160649530638359,0.000102638855960108,7.30130709071216e-05,5.46559618644767e-05,0.000110940415237153,0.00012677136285561,0.000821997348070295,0.00113102094591372,0.00330178044890946,0.00358507676033444,0.00225920357367951,0.00550136960160902,0.00403306045665108,0.0104121789816714,0.00568412714366812,0.00232639551621264,0.00308987862771103,0.00176686649208675,0.00410588787940501,0.000742296023884211,0.000666998383063197,0.000447546740653764,0.000808068563571628,0.000377308668650872,0.000520640577177072,0.000149243928908778,0.000120185284334792,0.00013909460842101,0.000118368039573703,0.000176454907181348,7.89061173281982e-05,0.000193367779692316,6.90764601120631e-05,0.000547349157663958,0.000774452053949443,0.00180517234426938,0.00610976733268671,0.00737679510527885,0.00432691304498537,0.00761237873806231,0.00140845125371237,0.00144441442534579,0.00401383384658129,0.00465181904892,0.000494650678812586,0.00332856752429708,0.00215875220961857,0.00156033120139557,0.000649998271798952,0.000949925177299225,0.00123020580760061,0.000499670668214535,0.00017076405911058,0.000376355881155118,0.000426941119385428,0.000116143315481721,9.94249933507847e-05,0.000286554311267376,3.66299337597824e-05,4.16095707995527e-05,8.2274580885821e-05,7.05870674890891e-05,5.15804559599766e-05,4.58329033771987e-05,4.07086174554577e-05,0.000353485465329068,0.000100944439512552,0.00148655338932991,0.00199533122865585,0.00591729535890346,0.00340601670490507,0.00605567183227808,0.000925854102501048,0.00162498247217142,0.00143172677781114,0.00111889987359072,0.00130495958444448,0.00117099147573748,0.00454277162730511,0.0022510757079526,0.003864464604079,0.00339888273266794,0.00121833068693556,0.0011781159293619,0.000971337460145846,0.00151232517349723,0.0013054411601605,0.00108549988898728,0.000415905472624358,0.000573780573477602,0.000242294722842938,0.00014349066672813,0.000231221447927496,0.00012641165031072,0.000160527071504349,0.000287232378546767,0.000160541315859192,0.000150406500852917,8.45900317275534e-05,4.98584426389796e-05,3.62719313895188e-05,4.26964525394327e-05,2.89011667725672e-05,5.11535308451077e-05,2.65096402154772e-05,5.19949853986658e-05,7.72523904702906e-05
8.44562163327752e-05,3.69354103423611e-05,4.64044550705929e-05,0.000153298429819441,7.11299558001186e-05,6.81070325730973e-05,0.000186850107329768,0.000306641795394318,0.000201942734349776,0.000260534877025239,0.000138591757561083,3.76043218747998e-05,7.47382640702573e-05,0.000100476590608735,8.45582789922571e-05,2.50266033184702e-05,2.81143753785173e-05,0.000108609854666367,0.000111991666807261,0.00134961133090475,0.000391663611262684,0.00107259977962348,0.00104386342599844,0.00210694531605536,0.00854184155998409,0.00252770532048004,0.00304520470276337,0.0100667251816343,0.00272994322005275,0.00239512145999539,0.00217308903908153,0.00145812223279871,0.00195723567322955,0.000426146483949279,0.000915892582511267,0.0004712788420596,0.0011870452842154,0.0002155301559469,0.000228874336439572,6.13847224458333e-05,0.000157268645904979,0.000104579217865489,3.509376013826e-05,0.000115734862561661,0.000219503786271494,0.000363011899048603,0.000320784701272715,0.00137933027870763,0.00347156634794388,0.00337776095838769,0.0154937880618254,0.00594523204896163,0.00197063368706744,0.00716100636854138,0.00858187117799176,0.00299823414426548,0.00709605203107059,0.00128303130659611,0.00182614746922102,0.000331522599432214,0.000657058334267564,0.00200212454888867,0.00103656418801434,0.000749073725329986,0.00120051693436731,0.000296185308938551,5.69665111996141e-05,0.00054759999828686,0.000125079849369826,3.92359259365374e-05,6.52739128720023e-05,7.65713003396061e-05,0.000146876580935305,0.000154495673481669,8.62116247494139e-05,4.88289067775959e-05,2.1171832052331e-05,2.56772504106381e-05,0.000199099235323605,0.000216262246187511,0.000496705690663147,0.00103513418303812,0.00239392363369183,0.00115159372921175,0.00172193195695833,0.00146296650225412,0.00119333591641043,0.00326855855279004,0.000570917796013998,0.00146105216351025,0.000827974636951818,0.000487625400674616,0.00119994833217577,0.000890372480183777,0.000867087884929326,0.000945198516894138,0.000477754553923333,0.000508483701625757,0.000581337873046664,0.0022148759705229,9.36772543858833e-05,0.000444137037672327,0.000145021255070043,0.000463062975097457,8.89343971004187e-05,2.87619635759525e-05,0.000226081301361013,0.000212734458074935,7.52041891292379e-05,0.000103669043497354,9.94545024765968e-05,0.000181755815290156,6.57579316572268e-05,4.92739884956429e-05,3.19732788072927e-05,0.00010456645721579,5.99590888109514e-05,1.86260182228712e-05,8.19033719422845e-05,4.9321944601081e-05
8.7508120644299e-05,5.23296678493546e-05,4.21144095491671e-05,0.000121349957604145,5.36966704884883e-05,0.000191986056399816,0.000286182997381452,0.000252791795390364,0.000351803437076576,0.000407290522839721,0.0002786315522654,8.60344603752655e-05,0.000140500996140399,0.00016048808290671,7.52044861027873e-05,6.99544775480208e-05,0.000274159233068845,0.000143037329572693,0.000256889019433011,0.0010030866678496,0.0038677706888038,0.00288643439592003,0.00177804555801253,0.00276311842887648,0.00243776308743043,0.0107683533484672,0.00265777170361214,0.00315376575586703,0.0015797175453826,0.00204966359738123,0.000728348749158641,0.000421277742661935,0.000909002528943214,0.000179736889319712,0.000104999207945318,0.000672605200795411,0.000169836132482912,0.000550927943288408,0.0003022488709347,7.99137358476034e-05,0.000337107509056797,0.000231776987713206,0.000111931971190869,0.000114378971650009,0.000252657175593509,0.000147248797015128,0.000274172955529329,0.000635516888916331,0.000728597860133746,0.00891155605863686,0.0209869441398979,0.0111115386120663,0.00819942449078709,0.0239786393506774,0.0117425908599316,0.00562533838921633,0.00545559141404971,0.00274132923817618,0.00381148366708722,0.00451638051829888,0.00238521612567148,0.00318918263824602,0.00172379046859872,0.00149509936592142,0.00122652107109698,0.000555842757902026,0.0005682861435931,0.000746548172002773,0.000299473451040469,9.11614149618987e-05,0.00042077924274574,0.000195237368425203,0.000191054939491933,9.32447004896934e-05,0.000143442844380978,0.000121407338583625,9.58456028792149e-05,5.55630385172222e-05,0.000169528003695486,0.000326647155236334,0.000175034120505122,4.26171668173823e-05,0.000232783008063988,0.000101353650973727,0.000391957424702722,0.000224832337950457,0.000192963399543691,0.000140066934298599,0.00119647048939459,0.000530749286733139,0.000250063520970883,0.000607148861404741,0.0010388743063637,0.00108697564671051,0.000141222319475949,0.000234844925251078,0.00021105751913402,0.000145376098102183,0.000162139755219134,0.000440609984024979,0.000302652821908003,0.00041025760871277,0.000139815909375412,0.000225312885607164,0.000207338577537454,0.000123608473149971,4.1989043132126e-05,4.63729818789606e-05,0.000213269304633223,0.000319059556767291,2.27499504306681e-05,7.92941594785228e-05,0.000108912111761549,0.000187069912093097,4.58171492501085e-05,9.20255776221131e-05,0.000149705532900079,0.000104073665433816,5.92835553059977e-05,5.11101660440731e-05
3.01338405561956e-05,0.000114678254996548,7.89172744665415e-05,1.44313565299268e-05,0.000213157079393654,6.10238902933012e-05,0.000141656400240014,0.000174021988338781,0.00021534706905685,0.000158989750772004,0.000138439576998235,0.000120008461510897,0.000199905555764135,0.000130923093361958,0.000126673863967418,2.68594445135944e-05,9.32871706746709e-05,5.2125112720063e-05,0.000398922276354189,0.000800055003538598,0.00269857731734833,0.00338477095998612,0.00338889154259416,0.00423198813760414,0.00404048487668138,0.00200590417220414,0.00623364210519062,0.00186201957321988,0.00428465285413422,0.00369436563167716,0.00172111574783326,0.000893750996425371,0.00041026735355858,0.000572588070052763,0.000187602696406458,0.00137630750763285,0.000648505841714174,0.000506225595620788,0.000225966851698588,0.000303380428872105,0.000698814642138625,0.000402264410914361,0.000227301033570754,0.000956668591931332,0.00182924766834919,0.000858175810442269,0.00194327686431488,0.00248484897409356,0.00126668695728911,0.000973512923592823,0.00405471601295274,0.00567724652519298,0.000979897602473716,0.00713824663502148,0.00124721495578871,0.00261797704368436,0.00150414569021366,0.00103448643592869,0.000759363184129394,0.00108395416390784,0.00295136296671543,0.00234041203036523,0.00119983390830503,0.00329147099086163,0.00304108660538317,0.000703279180667582,0.000847821145645286,0.000878528002685337,0.000352897515544067,7.57098643619406e-05,0.000725742787995037,0.000242634182603345,8.30042476721558e-05,0.000208032010998004,0.000103566278514999,0.000270771778629675,0.000276292943138742,0.000176526939694737,7.01661416191589e-05,0.000461321987139217,0.000446023930666693,0.000687952158857232,0.000525262494605747,0.000699058982089788,0.000489621931180631,0.000291559792627729,0.000852469115909201,0.00119879306959223,0.00109979279981837,0.000549351963639068,0.000987331082914723,0.000377273662682154,0.000964561005929442,0.00081380675324544,0.00128634190421899,0.000622591705403281,0.000680302585049501,0.000210450859478892,0.000442651538736661,0.000442911608924079,0.000613841881163419,0.000647021428515076,0.000307139124456323,0.000342081162184169,0.000428224334884208,7.73278425206419e-05,0.000162593102476002,0.000168301027205516,0.00033272757368904,6.38838418397162e-05,0.000109969459792435,6.06973053508759e-05,0.000111419621582611,8.64220227588008e-05,7.33594670938483e-05,5.21535587151524e-05,0.000399791029600635,5.82899567957799e-05,5.12946681659539e-05,5.83104001591134e-05
0.000234520929308559,3.07776828739208e-05,5.83331867119812e-05,0.000374522537444472,0.000328016451129359,0.000217524503514507,0.000113207327705339,0.00013553841188053,2.89009954935084e-05,0.000249999451482122,0.000151919979717345,8.54004945091088e-05,0.000140072138759091,2.28047296390179e-05,0.000177786665406651,0.000172696053188271,9.75588087193955e-05,0.000191783665109407,0.000237677174274231,0.000290421482490898,0.000684353318788631,0.000493052775079483,0.00199275362255099,0.00231094275865483,0.00219650707669025,0.00190791179743971,0.00162441653084626,0.00220576809215149,0.00168083237337564,0.0011459703788158,0.000704122507002709,0.000490166704228548,0.00037071171863925,0.000344425765218557,0.000190791798718091,0.0002747829507017,0.000371885785614358,0.000217643227518453,0.00056702369390411,0.000282771388446002,0.000142113047586618,0.000131479490116442,0.000181104127836683,0.000200582829328382,0.000703775527650593,0.000342801105758871,0.000900112180226194,0.00167612219023066,0.00219541447615352,0.00717788019083989,0.00821517554718829,0.00527677111742925,0.00535690664159459,0.000963754280645249,0.00217164302393358,0.00285141924706231,0.00362616288133243,0.000962389900700296,0.00182366275987596,0.000582834787320409,0.000723699960356277,0.0021572081531468,0.0018727449605966,0.00201629763568826,0.00164533308555482,0.00163553551053088,0.000825102548240818,0.000516673718331124,0.000490023321336131,0.000463412702455852,0.00110742150523017,0.00100220950752797,0.000730107150530408,0.00014216207936833,0.000170456117982861,6.60852722828538e-05,0.000146116593959032,7.57282220676805e-05,0.000205516018480627,0.000688119863007523,0.000155594204752976,0.000156466625248388,0.000220236293968316,0.000322611609143285,0.000506134257756392,0.000745207353424735,0.000959830208672557,0.000493454380147372,0.000895404424564763,0.000225631041483479,0.000608580860183674,0.000590420825946232,0.000288778184131645,0.000415455045058183,0.000285914077363241,0.000277424361012665,0.000372908517909691,0.000192216509388328,0.000305421954054756,0.000488399755663212,0.000584538000619986,0.000353696061489269,0.000146003244033748,0.00012709460109843,0.000339485907826146,9.02188283565286e-05,0.000117795533021952,0.000235049290310844,0.000109371074028639,0.000375044909131702,0.000184012571935416,0.00022192734059235,0.00047077923234025,0.000176046183360548,0.000195102426244484,0.000181873042821884,0.000292799914769291,0.000356842481533449,0.000125815305386924,0.000193070241622021
0.00025926068859459,9.17690069454712e-05,0.000369198465967308,0.000155787646598758,0.000228286329671379,8.78212196542714e-05,0.000277511162343565,0.000158258139474755,4.4910969611924e-05,0.000151737138850732,0.000276376804313263,0.000357048215996698,0.000106612011556735,0.000169182866154001,0.00018171570396165,0.00023702216469997,0.000476541929640211,0.000255617221526653,0.000119086024569139,0.000148644866397357,0.000594684865992178,0.000279867645434065,0.000702865863862228,0.000451621289888348,0.00108630246649491,0.00159457511632151,0.000547119319199329,0.00050911353426124,0.000281454464682878,0.000752884900660362,0.000235685724149509,0.000110609875560687,6.79933148624166e-05,0.000354512618327204,6.80111938983931e-05,0.000525876449061226,0.000207369898887249,0.000297205309213832,0.000195857291672789,0.000329853589699663,0.000538636876458298,0.000218083969403353,5.58183284464519e-05,0.000355561323484866,0.000529564223629135,0.000356815800955397,0.000296210931091487,0.000675435345924355,0.00334532792335652,0.00334017422181549,0.00367968281438493,0.00337803723461652,0.00206009180108162,0.000602189706102975,0.00114672924669243,0.00181542789585192,0.000347981312625732,0.0010841840589738,0.000272056735500354,0.000492989264230523,0.000600576149435386,0.00126049421793852,0.000997455787797726,0.00409905165800837,0.00519193957009919,0.00342783008086469,0.000687286698597082,0.000554572394463,0.00108622573521442,0.000970569193527959,0.00444821376421729,0.00254341238586821,0.00139577523685914,0.00158095071545922,0.000126179136513561,0.000426990225793716,0.000492544982578245,0.000143505794104835,0.000211368279477637,0.000320616555364767,0.000330592102613732,0.000215489758483623,0.000426233836951581,0.000121294672218279,0.000226976730197461,0.000213653722983553,0.000172476826969101,0.000395556244783323,0.000177972479509199,0.000120756451745916,0.000361503347918054,0.000142489822217442,0.000458109598289897,6.23422706885883e-05,0.000283866649604085,9.72021391854546e-05,0.00015975591570613,0.000263502260573519,6.85627818749683e-05,0.000385332066889344,0.00012367631830028,0.000252711033337334,8.81479553331399e-05,0.000278854042122126,0.000232247231195906,8.23532039968233e-05,0.000619948588385981,0.000227323331611772,0.000187081791237648,0.000122338854092111,0.000235211629772885,0.000136014485914571,0.000154607315263106,0.000198425552297484,0.000309441496124001,8.31212436402216e-05,0.000325914754568857,0.00010767492333339,0.000178307990635014,0.000202757926695889
0.000160652329482854,0.000111634099295993,0.000209815022410708,0.000183754240459206,7.82923015060866e-05,8.72452850421283e-05,0.000154316924495227,0.000128265618980541,0.000114951941287373,0.000171287834348751,0.000130320939172607,0.000119008200843563,9.99363140093389e-05,8.92219205598596e-05,6.06041393347665e-05,1.77126212736584e-05,0.000136359086298352,7.2282033017072e-05,6.55989317640693e-05,0.000218721692094029,0.000108048192017119,0.000256104945111319,5.7407110408021e-05,0.000241434850160598,0.000512989325857236,0.000357076788616578,0.000202842389297514,0.000258361790565015,0.000327325790818889,0.000191244414171994,7.18966423043004e-05,8.92947912044819e-05,0.00010813207435447,8.80934568389069e-05,8.71658819143956e-05,0.000389583199747493,0.000267160360892647,0.000441130681480688,0.000570019938529038,0.000331787685049668,0.000413696630255984,0.000198228382986001,0.000554122319860778,0.00186542860874492,0.00302365986885663,0.00139676352139252,0.00238741679030776,0.00272283082554812,0.00166559373945422,0.00518878398467331,0.010455635669988,0.00520511670073873,0.00580466905876345,0.00495916440481087,0.00170235884701704,0.00112478801205065,0.0011829015667873,0.00182581735533057,0.0011841877306796,0.000871981169609115,0.000575004267870101,0.00147030068484579,0.00497079418526251,0.0042063690597789,0.00296214532262879,0.00288495181544603,0.00945527141382095,0.00657948433413116,0.00753314911518413,0.00254138247726332,0.0106025655217011,0.00434480371107954,0.00390482926712665,0.00280158163450373,0.00081088808300361,0.00233118025606368,0.00178980747853874,0.000263313601243514,0.000997848076559484,0.000758231628270338,0.00060866489706863,0.000488902816893786,0.000279806418877713,0.0002734129903901,0.000116249000469407,0.000191130863234709,0.000219065122458958,0.000234010132136901,0.000233158694345658,0.000487066636232383,0.000185151776311694,4.45940932905163e-05,0.000284448169694527,0.000371914705640266,0.000333454443909046,0.000257628793538104,0.000144678611025253,0.000236798588042362,0.000332145031335502,0.000271816950416909,0.000181576346517743,9.97731453897008e-05,0.000218415566210424,0.000270420264668256,0.0002498416315149,7.4303920063058e-05,0.000162936896044072,0.000109227741499968,0.000112280320041935,0.000200751866389666,0.000251955871892362,6.93163800678039e-05,0.000292250329687177,9.72047151698101e-05,0.000143788304906848,0.000224750349701128,0.000354580470378785,9.84210132728113e-05,6.52711125516721e-05,0.000200598570066778
0.000165614411576761,0.000115026209582833,0.000159526607444534,0.000252692454796056,7.39191669285711e-05,0.000138406869206924,0.000109550963756386,0.00013140539507899,4.90263758607432e-05,8.87232477990696e-05,8.2043121615698e-05,6.64933339073097e-05,4.27743115405115e-05,5.31653688812714e-05,0.000103730614437584,5.46351635295288e-05,9.80930676939089e-05,0.000109262963132596,0.000189335966740898,9.86064084424843e-05,0.000181979206388453,0.000165016764166479,0.000358988740539573,0.00022310950222418,0.000433055990220188,0.000304173305578647,0.000328484990704635,0.000143308793242394,0.000506579411415181,0.000594572825970531,6.62275215902653e-05,0.000134664387442254,0.000150979967171207,0.000119909639151343,0.000130829829027016,0.00015361620017547,0.000404196708356955,0.000146280459830686,0.000327688173537264,9.47228987199855e-05,0.000261128034812092,7.39877557608856e-05,0.000123855947047129,0.00034111238997836,0.000449057661556375,0.000286755443487509,0.000523307081292939,0.000828124855724279,0.00165896373534311,0.00629271941107068,0.0155683034223633,0.00409263091076472,0.00203883480378406,0.00230086677151362,0.000995815589779228,0.000721707058781281,0.00101756629545272,0.000483734676311525,0.000442510992201602,0.000816885787697555,0.00200315531099832,0.00276547333734609,0.00164902522350231,0.00590599124850624,0.0050843552905347,0.00370645315960827,0.00514710874007525,0.0022268788201708,0.0036303386830976,0.00489239616766399,0.00593865897304069,0.00471047541685284,0.000837726999595991,0.00183206821172502,0.00203237714407398,0.000656752823960765,0.00134039924471035,0.000605876438810603,0.000876843206407277,0.000389969845618423,0.000304494175992792,0.000313676562541397,0.000383842352321049,0.000168665016463417,0.000679417310555563,0.000553051550569089,0.000380700122094812,0.000560411407464348,0.000692477472808005,0.00064450552460407,0.000328660589906337,0.000150494305627102,0.000483058718426086,0.000335547963057923,0.000176532680531138,0.000458739297589027,0.000365988558883607,0.000373419785519721,0.000702487444907439,0.000344804845672692,0.000239344364020862,0.000207592136952926,0.000357559808674309,0.000218603355743445,0.000256973453306413,4.69203726799093e-05,0.000115179947141663,7.89229806063759e-05,0.000131283492646748,5.76147628888915e-05,0.000118639949462674,0.000133375198063783,2.72364692506367e-05,0.000114477068738178,3.33143911436778e-05,0.00014668267385821,0.000167832464259924,6.48787567542082e-05,1.24746862275369e-05,0.000135797405007354
0.000180705428283166,0.000152789151314692,5.63317518618813e-05,0.000178458317703788,0.000187605519604488,8.35376054302967e-05,4.01647810289027e-05,4.7152276093388e-05,0.000226879362392364,7.80522785772843e-05,0.000149526921384726,0.000124309888076989,2.14919369913237e-05,5.98427400437544e-05,4.03206977273779e-05,6.05148297096694e-05,0.000161657528630425,0.000115420274799989,5.30638303804539e-05,5.46565416776139e-05,0.000318077956023738,0.000122874409851434,0.000598339650067475,0.000211950337496075,0.000491809013017361,0.00030366986109535,0.000532627781071397,9.73033536748794e-05,0.000215521079210954,0.000190054293504221,0.00034282579952904,0.000127524513904264,7.92394905967064e-05,7.13669439661035e-05,0.000125223043279322,0.000161857117518317,9.58707036640154e-05,0.000286966745855901,0.000188380495461893,0.000216047178631944,0.000138423506815857,0.000137281494700165,0.000151760706688894,0.000177874407484633,0.0004746027016813,0.000230882902184887,0.000378353329345582,0.000830621174450712,0.00366374103790062,0.00251509064393215,0.0135140937741676,0.00223269068592831,0.00237884988809708,0.000561868906188254,0.00287617954093445,0.0005147185141584,0.00148503877282167,0.00116152468624074,0.00159251100904912,0.00153897660253918,0.00138567712739614,0.00320475356080474,0.00694894842617665,0.00508973999244256,0.00425114573967026,0.00595982353018943,0.00507650176789538,0.00635742849588249,0.0109467985152681,0.00540446842855934,0.0245015194843323,0.00683414837875471,0.00871555686552917,0.00532537805658449,0.00931847010471485,0.00189843189779849,0.00184989795166295,0.00183056618912954,0.00217920025475141,0.00127103561070098,0.000363971853240939,0.000517461124120432,0.00127269543547902,0.0012076305246849,0.00208525604694844,0.000627916442390441,0.000830553285464406,0.000300681625939069,0.000550118475937621,9.12416934997687e-05,0.000707613129849593,0.000448181751451196,0.000213578916850771,0.000337571482530968,5.43247361319583e-05,6.41076340849772e-05,0.00045739499264389,0.000255700883355242,0.000166997377748636,7.93195744961483e-05,0.000347752866990416,0.000112424365373949,0.00019489591206964,0.000275233800209306,5.13471525564264e-05,6.10173402074588e-05,0.000154585504003039,7.2219366021683e-05,0.000137531993224034,8.74340863157769e-05,0.000118580447235717,0.000224802664980968,0.000134859579898403,9.20586192391886e-05,3.87925453849216e-05,0.000149450188302047,9.69431541028862e-05,0.000114386385047306,5.14950008619825e-05,7.23241807220539e-05
9.4760407580141e-06,6.73074227702187e-05,0.000230230620095922,0.000121751549074976,0.000145304724692468,0.000134092331985143,0.000101535204545785,0.000231428417911914,0.000112787028777195,0.000106072188838672,0.000132941040744003,8.10487165647212e-05,7.43436774907849e-05,5.1264257938249e-05,3.78225558528144e-05,0.000116016008138617,0.000148270842101197,8.95026664429973e-05,0.000210023881277193,0.000456495360529991,0.000508482085683768,0.000458889246996118,0.000383465972092265,0.00055118999300857,0.000317558389345941,0.000298393309069937,0.000276737955233155,0.00047195659896113,0.000438943906941108,0.000152355719820271,0.000238174088293417,0.000175332223298346,0.000153947454239927,7.63038542620313e-05,0.000145847173629932,0.0006193240728277,0.00037156002114665,0.000651172235610548,0.000301174442104926,0.000202282492582018,0.000311772799224559,0.000186967307306972,0.000314043782400619,0.000247248282358866,0.000395183593280405,0.000288866907416056,0.000646710559228054,0.000722990777350861,0.00160295990116755,0.00359478342064771,0.00309321342731578,0.00418285705060439,0.000699166387250201,0.00168379808889841,0.00114506870440792,0.000910961428402196,0.000782288131593698,0.0010169215890277,0.000368194273304779,0.000798224381194224,0.00278650152796045,0.00196027038502349,0.00198971330732715,0.00641754697719568,0.00256410056999315,0.0153875745903881,0.018824950439848,0.00821918861860654,0.0157287879418477,0.00309157090460022,0.0222354533837155,0.00862634855507107,0.00682836296666748,0.00491865278656645,0.00709385541457282,0.00177094515776544,0.00130468564046634,0.00203304844783887,0.000170552576599341,0.000553962794793769,0.000536183898345003,0.000987508121436166,0.00169763927890495,0.00196028145323367,0.000942561252736212,0.000735215765951827,0.00133092471976386,0.000321719528378888,0.000185419863074456,0.00102597438609936,0.000295465983398937,0.000336923920016543,0.000452298937136933,0.000392568153668481,8.31363646519472e-05,0.000131104741124104,0.000429693218286234,0.000323647535379548,0.000910825317666997,0.000559040717508581,0.000349224963640659,0.000171070594977221,0.000228443278295079,0.000145243947797997,0.00021787502616727,9.53720198860049e-05,0.000191627221436292,8.63533731171083e-05,0.000187163420617926,8.44304721846582e-05,8.61517219048276e-05,6.46884510727572e-05,0.000261120365745104,0.000193485335774735,0.000211052599051254,8.76505117327819e-05,0.000206247877689574,0.00012871603196044,0.000184704641665926,6.78176597723677e-05
6.51729383466719e-05,7.84113184902158e-05,0.000117295176750477,0.000153849275753303,5.43141255266741e-05,0.000341282094513292,0.000210976014500441,0.000151736495529497,0.00012192347333506,9.55626618616459e-05,0.000100442939164472,0.000107756308705386,3.97062249070886e-05,3.13767546125702e-05,4.79626264925243e-05,8.6522881686852e-05,9.60783872708152e-05,0.000104035324399658,0.000185531252754331,0.000148604356262654,0.000122582054090123,0.000310538034036185,0.00018396545560812,0.000537331419599527,0.000205494914248718,5.78632950124501e-05,0.00013113748805271,0.000105250938033424,0.000250125974688022,5.3945177413243e-05,0.000100947864052462,0.000115781521098036,0.000101264076987888,9.0324770362338e-05,0.000122222184212265,0.000260545554670062,0.000214760029086164,0.000152946374449946,0.000184215086549353,0.000289716406150828,0.000536754793521746,7.55690935111067e-05,0.000141365560033069,0.000242663109495775,0.000203813462718223,0.000486168131029687,0.000414565305216643,0.000597990265424522,0.000297431761506448,0.00259891203912711,0.00394315942254767,0.00217975986094092,0.000314674121071285,0.000690618295844525,0.000532197547943985,0.000345885925164515,0.00101981568335993,0.000173206397437429,0.000361717852172998,0.00142569591385677,0.00124496641016595,0.00154072787361617,0.00217283841414427,0.00365609660583343,0.0036955299927671,0.00599822915685574,0.0286634859361643,0.0154766826164734,0.0103861809910818,0.0141700232974197,0.0238586725074339,0.00647176093009691,0.00864190829784898,0.00680440990366068,0.013695933941707,0.00360839537711022,0.00350517703298679,0.00105717370419317,0.00186013796737069,0.000557586111757238,0.00138178804026273,0.000271170460183219,0.000490119176460761,0.000656680515149098,0.00063855014546365,0.000774913989548865,0.000488093406135719,0.000352283251594506,6.48502716747095e-05,0.000407473411805608,7.19831299258481e-05,0.000107382393473498,0.000197990008819379,0.000165787329549255,3.98453563057096e-05,9.72517262197295e-05,0.000318320701602821,0.000180617867070185,0.000401035537272982,0.000172504091729487,0.000252841666623681,0.000129266514769578,0.000126075635536858,0.00012334820375213,8.68561337354676e-05,0.000279142555659499,0.000110096768730552,6.22384929126475e-05,0.000233163399512709,7.58357707138885e-05,0.000225809353453355,4.95405450743173e-05,0.000130011115775473,6.47206666144008e-05,0.000177708741672306,0.000157298619230522,0.000100546034061165,2.69640534678662e-05,3.97235284324089e-05,0.000110258585850142
0.000196184900455307,8.59272018516233e-05,8.48842393273065e-05,7.20897624350354e-05,0.000172200748753402,0.000240914338237901,0.000145595477779431,2.64431580381297e-05,5.33391809520035e-05,7.85100857910438e-05,7.95259589441021e-05,0.000104273516872217,2.22508952731828e-05,8.94926200001133e-05,3.62203694878872e-05,0.000110643623844669,8.98182600268384e-05,0.000221788578991804,9.77540414525458e-05,0.000123424945405178,0.000272344988240116,2.25485472250414e-05,0.000130227071533133,0.000205421044528666,0.000378786656487158,0.000183849543936136,0.00012091267802989,0.000211649857253224,7.14724668568604e-05,0.000157956239413407,5.15326369260812e-05,9.13104825626709e-05,0.000175871488758341,6.95763924979914e-05,0.000201754473694053,0.000146442758441267,0.000207881149691949,0.000377332883233616,6.58994366885727e-05,0.000140438884299841,3.47886277399146e-05,0.000106411451009597,0.00016513466651246,0.000193503533624365,4.09116747937992e-05,0.000121477150074885,0.000281105122235807,0.000136330015434764,0.000324456861175897,0.00108804854084846,0.00365622690621356,0.00151786993781438,0.00103909434873752,0.000849398309710079,0.000537448439129665,0.000815393850868067,0.000520500307985798,0.00049405800929108,0.00146732287137763,0.00108764221117269,0.00044866273612854,0.00175649872894546,0.00379638772136211,0.00346459324546711,0.00504427998364988,0.00702711717141302,0.00905348423578744,0.00766260419272609,0.0073710889923889,0.012285281914805,0.0145026911848392,0.00742171215769477,0.00496796841294706,0.00497888048257224,0.00504500264317873,0.000742341739604824,0.00214061044240318,0.00104839474954408,0.000996339562242233,0.00115883453893032,0.00110219832413476,0.000480753627868835,0.000251165141279699,0.000307662845725048,0.000381789816746779,0.000312640773949234,5.55263387082407e-05,0.000100399214456741,0.000103484833902001,0.000202790865155013,0.000161559032254119,0.000330828465666817,7.59205665769868e-05,0.000176360772751056,8.33358560492928e-05,0.000113905456845401,0.000140405955782969,0.00012817065181866,0.000204425330822612,0.000116222497150047,0.000128177061657984,5.6376828247174e-05,0.000123282651647248,4.33952711149024e-05,6.60054410017034e-05,0.000203056109869191,0.000161842746752103,0.000190762514433697,0.000140407973701337,5.21905535171844e-05,0.000249534288593582,0.000125200245573716,0.000148735259337945,9.79184574785325e-05,7.22953914461139e-05,2.45731479180726e-05,1.6027386415377e-05,0.000130399658427287,5.11020211941682e-05,0.000178662245219553
2.47591195773731e-05,3.64437865024197e-05,3.51320460963184e-05,3.31427158368576e-05,6.31597941179086e-05,2.22906946244278e-05,2.64056834982249e-05,8.19822574418974e-05,9.15296232265924e-06,2.8053272513643e-05,4.72724792043673e-05,2.05684203292109e-05,3.38013029578018e-05,1.39937736827298e-05,5.29604795760495e-05,2.95627515316985e-05,1.87912546824595e-05,5.95306583362572e-05,2.42196561168291e-05,6.29158843005565e-05,5.81386042947446e-05,2.85176836385444e-05,5.18844984477948e-05,5.69226881689709e-05,3.39061710283983e-05,2.41073191145976e-05,6.10363408891584e-05,5.94121984709576e-05,5.81791070200892e-05,1.66213798001639e-05,2.81819050549762e-05,2.66570636612161e-05,6.69542434619733e-06,3.15662481822053e-05,7.1675302612631e-05,3.01870804732495e-05,4.12595333107984e-05,8.73926446312236e-05,4.95979293154689e-05,1.69502442736002e-05,5.05641043398377e-05,3.87841985872124e-05,5.87301913607295e-05,7.43578168879565e-05,2.94755132381516e-05,3.63865967894315e-05,3.38419861906473e-05,4.20379581895286e-05,6.58510063454897e-05,0.000628469018197814,0.00122200702360013,0.000235959070266676,0.000104490745703386,9.58974795103226e-05,0.000127872969697787,6.91656350502094e-05,7.51665160117632e-05,9.34534204291295e-05,0.000258876560686448,0.000168647822614096,0.00016342741896988,0.000993996116314274,0.000441604142368136,0.00287181250625972,0.00162046086095329,0.00287582261854785,0.00455584573655628,0.00228171881998117,0.0051204831352302,0.00424563290886388,0.00115182348359767,0.00186528289002899,0.00044744974711704,0.000895112932325699,0.0020287789171929,0.0014586912263033,0.00117341018570835,0.00119202447005826,0.00031203291677737,0.00101905880983028,8.28250988330518e-05,7.68052473804727e-05,9.72096322822798e-05,0.000111874860725781,4.93741212709285e-05,4.77920633407458e-05,3.41205662557686e-05,0.000107047122732799,2.47045860713875e-05,3.43226174896746e-05,5.49614239702587e-05,7.28925442034576e-05,6.75020292454579e-05,4.50920396760774e-05,5.722216082947e-05,1.58180263534009e-05,5.82152861117182e-05,7.56578956393168e-05,2.59866292554267e-05,8.39042124388417e-05,4.89165910937442e-05,2.02814695796921e-05,2.66487566245815e-05,2.36802873415662e-05,3.0396786583596e-05,5.11992857943982e-05,3.51417431091845e-05,1.29051816460926e-05,9.49527417118594e-05,4.30062645956505e-05,2.51605450772733e-05,9.17718800831897e-05,4.6179313398513e-05,4.52266669308506e-05,2.0860896478021e-05,7.5189020840778e-05,3.62548679238376e-05,4.51345601076451e-05,8.2600273793009e-05,2.89526075905995e-05
0.000253013580051625,0.000143766698501974,0.000614275524968365,0.000137857321926512,0.00125647479375849,0.00647377760660915,0.0206619577632246,0.029293006466298,0.0341634450378581,0.0272299651331777,0.0265693441461453,0.0254909096378543,0.0141901899784521,0.0107520113818691,0.00703067597017031,0.00678778270963493,0.00186279549101195,0.00234683159045078,0.00608312988072793,0.00849553942618325,0.0324165878030052,0.0346507341640594,0.0353617291589723,0.0277964854270045,0.0290760124397917,0.0191152353907087,0.0150627954744337,0.00815148666349147,0.00586289826001272,0.00285392876585972,0.00219441600304367,0.00935959910610886,0.0116394191809174,0.00450527091397665,0.00948184087216463,0.0104088974163899,0.0317209796642386,0.0241899687892392,0.0189909029207197,0.0242709529099424,0.0216742749063124,0.0177810120128627,0.016375318735893,0.0174538209284876,0.0269457545127882,0.0305433314219665,0.0345129826187511,0.0247095500890036,0.0205904167055804,0.015417062778731,0.015189065206367,0.0182178301738957,0.0198952171223692,0.028725680583717,0.0313486146478429,0.0268172276579685,0.00716823506872051,0.0173741712138699,0.0107289604439121,0.0140902074847166,0.0138419705344489,0.0128044461614081,0.00699254098984337,0.00459032852863385,0.00339536703697627,0.004440372034944,0.00114879656748529,0.00112301622035982,0.00123760345872354,0.00152781607521594,0.000250883462336391,0.000279289666011972,0.000331684411480544,0.000193912184460499,0.001185968527544,0.00037676500285993,0.0029899123565162,0.0120236335263841,0.00763491767085256,0.0146641143114499,0.00820806571821585,0.0141268417276742,0.0201432757778493,0.00299821547891197,0.0138378637908859,0.00794706115503782,0.013723502677446,0.00663174441774785,0.0118133180118275,0.00503700566273942,0.00829218364153862,0.00639383460324471,0.0112223228088533,0.0140433571961885,0.0124605260592768,0.00572492008648608,0.0124960659869295,0.0105005370653711,0.0175605533902046,0.0094152832936611,0.00370702543424805,0.000850910646819287,0.00372982411952912,0.00157570867730753,0.0178772516421154,0.0220263050081812,0.0458221027329685,0.038847450023602,0.0269902280006475,0.0187342516152242,0.0153891169261242,0.0159886770863372,0.00589038099622972,0.00240215691915277,0.00290539658031966,0.00366917989844972,0.000524761881160139,0.000205787468001549,0.00163241473816089,0.000647295009704227
0.000285331133125886,0.000415145132846697,0.000358236424033653,0.000613849555331347,0.00190399107589684,0.00931299573164677,0.0196674168008623,0.0139313232003195,0.0228618345754515,0.0109841127762879,0.0173025934348491,0.0109451475846161,0.00287720202106373,0.00440785283088737,0.00744671212213443,0.00512960014915632,0.0101730427448856,0.00424625380224978,0.00826712687867273,0.013582530974817,0.0146612743791236,0.0374682141235836,0.0484280411310326,0.0206695666456368,0.0339236635183635,0.0299417965222589,0.0570194085316267,0.0361362258623714,0.028700460568936,0.013052356305802,0.00747563317164554,0.0157802666554476,0.0250899348546754,0.0361483086314936,0.0488787744944542,0.0820987799725844,0.103563953596326,0.0704267254973969,0.0520587961018482,0.0474430496086477,0.0440558622329764,0.0497352965948187,0.0495747022087984,0.0639029426465044,0.0640650555616754,0.069206468461343,0.0682693354712623,0.0723135688917032,0.0698250225162965,0.0544422165287926,0.041295883556301,0.0526028059310442,0.064028898509024,0.084261883497341,0.0881833433113079,0.0588877313132841,0.0689037017620183,0.0614019809145575,0.0396845013609729,0.0515718280408133,0.0444801368181217,0.0361695978806622,0.0290178300337313,0.0184722014940669,0.00996250371033492,0.00768259671615446,0.0100394959381153,0.00484192847911705,0.00696335864788755,0.00437539252182579,0.00133771785807478,0.00109204017981333,0.00103899854774687,0.000744375719452651,0.00122729989816369,0.00218502153087463,0.00678892444862073,0.0268791708368587,0.0280710075848411,0.0117436995864712,0.0481630002673237,0.0439904901935716,0.0570633344419557,0.0166827254085042,0.0136941617093039,0.0290879382086241,0.0273212322980419,0.0261195690345944,0.00371509962939381,0.00605333033040003,0.0109101982567381,0.0160345095432586,0.0185908268394294,0.0156245733385849,0.0155842473885809,0.0139759342015158,0.0200095400182384,0.0155638934933722,0.0122316132450595,0.017575053689842,0.0178407069369898,0.0101270068224948,0.00671042393296616,0.00467530012122168,0.0333607380626306,0.0691794375283136,0.044704412535178,0.0377034231041216,0.0510244704783971,0.0328889936995885,0.0124861864704715,0.0105432435825925,0.0101338516733034,0.0130169585333744,0.00708959352925227,0.00178251592106783,0.00347947875956175,0.00406323782439104,0.00301229587711189,0.0018055754835467
0.00220966084259746,0.00327346082830533,0.00253790120898699,0.00309043402773416,0.00296894779869867,0.00436986381306067,0.0124571602334853,0.0359476991548023,0.0707023868393698,0.0608377719732533,0.0432555376378947,0.0264364231117444,0.0072564655823411,0.0146908448867787,0.0152761824743604,0.0212022008061765,0.0166395969267151,0.0201640442646243,0.0337979378403407,0.30312857226397,0.0659389923204635,0.0965292343860874,0.436791819679125,0.617787122181181,0.671279300598081,0.793525371505516,0.860437254093016,0.953827352975074,0.888876405410625,0.352857160034013,0.149122433552083,0.0770130466248309,0.0965374809450302,0.0213880044578008,0.1253172202467,0.43475024997552,0.549044947196707,0.386920846461453,0.287283027022857,0.130926047868753,0.0796088536141611,0.023626086743969,0.0604220404848025,0.14236466630382,0.122292533114635,0.100325853263237,0.097737330735888,0.0600307989295186,0.0400023167920535,0.072369906442022,0.11554578583768,0.126111726461573,0.162145783408933,0.0745371538802694,0.0578532742504011,0.237929989266973,0.305397202033736,0.132293249747178,0.0521671798666881,0.130184693679375,0.0191722001940151,0.0473144380294898,0.0366913882194973,0.00614461275366489,0.00746389075175803,0.00477503858109456,0.00788323388680137,0.00897315365194663,0.0139802032346934,0.0100542464174915,0.0105852271914481,0.00725350311958284,0.0132932445300278,0.0134935594626551,0.0076518017787809,0.0109756336149129,0.015095527852943,0.182185308290206,0.335363481875684,0.0381829653195111,0.230004395122138,0.207155283539837,0.097337581958796,0.169170542861,0.263015704512159,0.154515576771996,0.0973841398845858,0.0429985068435758,0.044632293201608,0.12193116821332,0.00704103249597862,0.0148603181817903,0.0199443036634552,0.0191473435071791,0.0316307267369699,0.0269791455543471,0.0241165603125787,0.00550422615256607,0.0302878834076137,0.10626031972169,0.0335593112843477,0.0257266773039316,0.124812429403145,0.0850742784165641,0.06210651481334,0.137544870905123,0.128079569172321,0.0792476798882973,0.0587471212748247,0.0290963580205533,0.0227440677550762,0.00233353924044554,0.00214640789717319,0.00162719890188924,0.0053964941294283,0.000647187251181515,0.00264268637345068,0.00201362028528296,0.0033162310028687,0.00269358116651399
0.00233254600731262,0.00281045998024304,0.00462776355349433,0.00358971366805299,0.00435873513651548,0.0171893680186509,0.0507457994459038,0.0945824767301609,0.13490953262625,0.114903251020027,0.123912091947759,0.0699626592385495,0.00817495403927597,0.0219147328831154,0.0244444856300756,0.0367929400203088,0.0338346643739788,0.0408876532622359,0.0163280014657576,0.294115647206593,0.26142421627721,0.337424450911918,0.77264204928353,1.31953377658733,1.00910333355173,0.73580529429589,0.479751254066858,0.359209049009376,0.550530559712864,0.216572899341481,0.139407948063539,0.0780087938412181,0.1303220836147,0.131298943696794,0.110988028561411,0.375503056460084,0.390408021946145,0.363887306201705,0.417085670844598,0.282148846083297,0.245758551971656,0.057560496546546,0.24006225185186,0.504445181458989,0.382817524976565,0.251268279746665,0.369400095826081,0.39855614306075,0.218594306835448,0.2500785018949,0.354944553720651,0.0679040385650578,0.265966173834253,0.183575201861697,0.337865732156344,0.218603348842326,0.177879043192922,0.342520272229341,0.0804772265539212,0.0512077703189713,0.106235702763154,0.0320038538133928,0.00692455655385979,0.0415932034495157,0.0268174329574759,0.030673576355894,0.0120202889154224,0.0163167250664134,0.0265168741886357,0.00561649250543402,0.00456137847405253,0.00496022311535699,0.0169557458950066,0.00724371043964191,0.00266119242602025,0.00426790098960419,0.0411825482186189,0.128465984920857,0.134874455146109,0.102825501783718,0.467070321769199,0.228220808008677,0.0348734404717669,0.0959299748855367,0.107991872016127,0.101320226852342,0.0354294297722072,0.0766029026092713,0.0637137334511058,0.0892183060632606,0.0679020335977221,0.0491381784609275,0.0658110870603241,0.0258241233513856,0.0288473536838918,0.0704883157620755,0.0286752234453721,0.0310286515790864,0.037056232510069,0.0863229954079405,0.163556635181791,0.0105884325657748,0.148880127387717,0.118854885981859,0.0339868726178823,0.103268601663245,0.11982668171665,0.0636062185127172,0.0606747851481031,0.0314931977830123,0.0165185958211852,0.0196879795883782,0.00852238173642078,0.00197411407001676,0.0044403205107165,0.00117501818943534,0.00509170261051835,0.00177233465415727,0.00655631050341219,0.00452282791138242
5.75355856614817e-05,4.14957068915618e-05,7.55363056797355e-05,0.000228291039124894,0.000402399614512696,0.000974169342912055,0.00253890009728142,0.00498981458350546,0.00173658566878732,0.00272527439156609,0.00207669717379132,0.00114387356174572,0.000329553705073631,0.000468630516409602,0.000898132236049989,0.000923112191414641,0.000204759339546808,0.000531996731008012,0.00379452211316277,0.0298398094810272,0.0450069944790145,0.00213044576880713,0.0419753720765892,0.0281426241500028,0.0259610479532585,0.0384315307187726,0.0435163160700573,0.0425627375727009,0.0356917643116616,0.00363377599738251,0.0117018800399472,0.00827291194688531,0.00394891350982632,0.0054964516760656,0.00306793578580951,0.0273587770956171,0.0460250440596416,0.0356168464969926,0.0405875793621825,0.0131132550587296,0.00605343953823224,0.00821639538987804,0.0100903513030667,0.00705610074743021,0.025441953440979,0.00727703064499824,0.0250940899545726,0.00761092899405257,0.00359003797753555,0.00275874879772093,0.00210550397727458,0.00337196888304193,0.0253192105602999,0.0338456686831166,0.0216899530865766,0.00431263912469775,0.00937077680870935,0.0236348744677398,0.00542844297591842,0.00978476539242395,0.00254718197940573,0.00314442365697554,0.0029124581095489,0.000739682205215608,0.00150869883008516,0.000448590240066632,0.00103353621780757,0.00200130029049853,0.000683039579897816,0.000838257017903333,0.000237083747502064,0.000717544314445394,0.000367243128463364,0.000850016443228652,0.000391690895201517,0.000939239272345383,0.00255923659695231,0.0241731629516766,0.0305321984345428,0.0123425648980613,0.0201856509318021,0.0192048326505773,0.0133539179704047,0.0193255723756785,0.00337160433059449,0.00442004622222539,0.00171730036169752,0.00831569651624186,0.00212285064493731,0.0108232718736197,0.0192851827757646,0.0201747972871051,0.00914268072875152,0.0122259780659354,0.0128069140000418,0.00769027709571088,0.00703989466299906,0.00606126881522704,0.00254953568474389,0.0144297025782897,0.00854407183215492,0.0017163529444222,0.00492331330004183,0.00295555005529892,0.00143443628266612,0.00341481148909234,0.00311193658315657,0.00524808866420081,0.00408621020168163,0.00146479810448729,0.0016043375328404,0.000313364183283299,0.000326679372586899,0.00010891297684466,0.00012765938277943,0.00019451749546204,9.68376387409621e-05,9.54265541484565e-05,0.000157559163500448,0.000290707740245711
2.39764874910863e-05,0.000136594630195697,2.53280045578847e-05,6.35297742282012e-05,2.25565584504637e-05,6.88479146294444e-05,0.000104213632739304,0.000102527165729111,4.22638708313556e-05,0.000362340777738614,8.64138642400243e-05,6.20032715184855e-05,5.21767877874713e-05,1.88723028571786e-05,0.000111814274685992,5.11266984447918e-05,1.71251734753805e-05,2.29354004739568e-05,0.00010657818490305,0.000331200906102591,0.000421210429064895,0.00017378211659255,0.00110847094056506,0.00108443112186525,0.00189948738255272,0.00056708336121243,0.00135893019621459,0.000184344958795052,0.000227931119958226,0.000272713688352066,0.00049525849087435,0.000172125242493589,0.000176731153946445,0.00010371320733983,0.000141715202637629,0.00164869040636364,0.00563396202962577,0.00417650339727844,0.00310256891749733,0.00101845568427839,0.000429759443099608,0.000341652654758734,0.000377409727625966,0.00227281851048091,0.000980262477448023,0.00245964630448745,0.00547891637633901,0.00455492118128282,0.00385132382416086,0.0230085937711159,0.00363136447512911,0.0017145969514832,0.00171966085437368,0.00122342429922435,0.00143591875256934,0.000257006728826279,0.000603950511100017,0.000290546166731241,0.000394021209906536,0.000303280057148691,0.00020286489988577,0.000514041511636058,0.000204240226664699,7.76132050166299e-05,6.23977748234809e-05,7.47683630715958e-05,2.33092809628521e-05,5.32878409536085e-05,3.45149452096096e-05,2.60401149006984e-05,0.000154017555650601,2.43029487063914e-05,7.96375599373457e-06,8.8344801671989e-06,1.20827004726749e-05,2.72785455236821e-05,7.22341547886975e-05,0.00035913984151185,0.0002219687421746,0.000200156847710844,0.00533838561751808,0.00140944344911034,0.00192296686916304,0.000883225115792152,0.00263000574738807,0.00130481486138311,0.00107898901392243,0.00147649530183061,0.00109646541935425,0.00140289210844309,0.00476514238109828,0.000649796025370189,0.000989298611453154,0.00111986304430936,0.000860039348659362,0.000820984104526436,0.00224558671887765,0.000508657600505069,0.000734195728305959,0.000774089047447548,0.000512518994081173,0.00020620710677721,0.00020865106041086,0.000432778742141535,0.000273409489313701,0.000748501572421821,0.000295690399471611,0.000149912866807628,8.9919664348396e-05,0.000395395720575096,0.000225701622302992,3.808416869706e-05,3.11822621351475e-05,1.318195193905e-05,2.14080953551513e-05,1.23673903306385e-05,4.03880114048599e-06,6.24805721628787e-05,1.17249295481164e-05,5.82833591435447e-05
7.51337644927855e-06,7.64785682449308e-06,7.77482388412696e-06,7.01934285628579e-06,4.40511886822151e-06,2.26197592849615e-05,1.31791664381994e-05,2.11367027093743e-05,1.08462105069028e-05,3.33052114020061e-05,1.34402792368166e-05,5.02348002193882e-05,2.21574995736061e-05,6.00273317996083e-06,5.5825145400191e-06,7.44914554887235e-06,7.61437800055065e-06,2.98422079342236e-05,2.05311610437734e-05,0.00119965244536275,0.000400120204445443,0.000254340049706978,0.000328237036111528,0.000289806085525101,0.00155125501618605,0.000237667011635131,0.00040062513758727,0.000130024339335974,0.000180540287954079,0.000116182193316663,7.96830825109587e-05,2.66164251512452e-05,5.76583934313045e-05,0.000126880499005583,0.00039867162678298,0.000988767349916147,0.00108037377809291,0.00134601178213665,0.000955686787728487,0.000891433692478415,0.00567273040589012,0.000895528538499531,0.000611021589693334,0.000492594870930082,0.00304833322109173,0.00440720152844767,0.00346603971697888,0.00651676277882153,0.00242024973741983,0.00624621528183928,0.0042723122461487,0.00100243781841518,0.000560590201752777,0.000749834196723283,0.00051443581176209,0.000216661927030257,0.000140677182926275,9.51459082736364e-05,0.000806735668766017,0.000158108939637609,0.00014521104773345,8.1703905887315e-05,9.07115776146532e-05,1.65593688126942e-05,1.90814884116961e-05,1.9730486980578e-05,1.91501729027763e-05,1.49625864493639e-05,3.29294035991604e-05,5.61041854818178e-05,1.24252487217069e-05,2.62666136033946e-05,4.81338198224427e-06,4.88633410280304e-06,3.39496346842494e-05,1.24858717654237e-05,4.62713736138645e-05,3.68147824467231e-05,0.000427702015196005,0.000213102749844377,0.000394571200937578,0.000177327788834327,0.000888799692826561,0.000809986916434051,0.000319185795837408,0.000408453663819557,0.000528804317754381,0.000271428191534829,0.000197641372077963,0.00230726552568124,0.0006544746483427,0.00038059791944438,0.00136428968936995,0.000393129106050338,0.000384012301402773,0.000958378821968781,0.00163086915047213,0.00807738739418934,0.000569278754700449,0.000763177341444572,0.000280905065897575,0.000588056248224945,0.000196134502247131,0.00015479983231449,5.45982812244429e-05,0.000501161805335174,6.15213798831533e-05,5.96582418114453e-05,7.79775722737645e-05,0.00011447236369857,3.82881796002017e-05,5.58313544601632e-05,5.11179770415118e-05,1.31845907100329e-05,1.00904469117144e-05,1.18554300344428e-05,1.31577215977875e-05,1.20775352758204e-05,8.65558556834809e-06,2.48658518258686e-05
3.98962166731674e-06,1.0063997066385e-05,3.00531861224058e-05,1.06506198738069e-05,2.24970661940737e-05,1.61006353418986e-05,2.69604339146824e-05,1.29923730173967e-05,6.9846949820776e-05,6.85322817139293e-05,1.1049127273332e-05,2.06552662532588e-05,1.02438875209799e-05,2.18433176222955e-05,4.40477010666864e-06,1.19361695585925e-05,1.88560088037728e-05,5.88845536592665e-05,4.30560865589422e-05,0.000247031482492314,0.000465311877581942,0.000581063978145265,0.000396746998004325,0.000231171376175118,0.000263746751514624,0.000293376626370963,0.00013687892585473,0.000289169544469526,0.000143430480041092,0.000271216570072949,8.7366038203108e-05,9.47920785477942e-05,3.81328848165085e-05,4.58237477641485e-05,0.000185661833059969,0.000691723061448728,0.000410291891155122,0.000482773747462846,0.000168445603792835,7.00652108657941e-05,0.00012316334758268,0.00014944230123784,0.000142955184780085,0.000300746267276187,0.000255095328805413,0.00348445587448639,0.0016012223992723,0.00101500654542002,0.00112640593700615,0.000698885826203259,0.00127723503226551,0.00076013330755319,0.000718527287367355,0.00044675290150281,0.000270551380857144,0.00023272411073652,0.000485070602874158,0.000318161083671441,0.000214066635922379,0.000108387076555738,0.000140717561154978,9.1918513066619e-05,6.01738739784649e-05,2.05537767501781e-05,1.86297080527434e-05,3.20791388881567e-05,1.58121303220768e-05,2.04900810902957e-05,3.06756152836272e-05,2.6351228311695e-05,2.08279904540773e-05,4.35202368470331e-05,9.23751142162561e-06,5.69073956559028e-06,1.41824966396941e-05,2.93168321146404e-05,5.48459306900266e-05,0.000227462726304324,0.000121791787320082,0.000100059529044634,0.000463567186481499,0.000319129886866981,0.00113109179056368,0.0007254326691984,0.000368375742383414,0.000504920494236441,0.000279735263805728,0.00116653506189973,0.000814897747632692,0.000685258106371426,0.000611671289816152,0.000695896971874711,0.000522411974849433,0.000279005592351222,0.000611603293557797,0.000675334417172642,0.000262955679745824,0.0012280355398197,0.000138626250750581,6.45175284867985e-05,0.000159050356154288,0.00045301883017406,8.70610296934982e-05,0.000124490598367062,0.000240036615948857,0.000258424545103369,2.0153698785546e-05,3.13670066270239e-05,2.04362465130561e-05,7.24026999384931e-05,2.84455377417091e-05,3.29330606094257e-05,2.97525107586682e-05,7.9614480408129e-06,5.80723906910948e-06,8.22301973843653e-06,1.88082642680239e-05,1.22406445417657e-05,1.8423847284266e-05,1.29361216276479e-05
1.43962720943975e-06,1.0390364981193e-05,2.85634729648527e-05,1.38223376880417e-05,9.42691750081524e-06,3.14426027122998e-05,1.98343045949937e-05,1.90621862264497e-05,7.19396975860769e-05,4.84522085158087e-05,4.93204170854604e-05,1.91799059354921e-05,1.3068342012662e-05,2.31275222941745e-05,1.83548075851138e-05,6.1485711115018e-06,8.65418185447528e-06,3.25412130036902e-05,0.000131576797227019,0.000202723309474279,0.000360604916008993,0.000187062593415199,0.000303186031032239,0.000215323346888315,0.00112245563296337,0.000508859900780749,0.000397533518591341,0.00133511586859136,0.000534935110180961,0.000404415312022976,0.000150956670456749,7.28717286741814e-05,5.722812467452e-05,0.000134253432809941,0.000175862031582446,0.000638103206106359,0.000175465609848123,0.000189293999540379,0.000292347023583194,0.000176658771717918,0.000256271561696795,0.000221266623782927,0.000251058247285558,0.000168560530543619,0.00136594505364085,0.00310399049283826,0.00226227664901952,0.000993321050810132,0.00267183895828797,0.0015819661716772,0.00113110047276015,0.000725871119834152,0.000947997447988771,0.000801626011604212,0.000658438865797291,0.000154148054019936,0.00073055577298698,0.000635143930204713,0.000127017198965094,0.000265450463244941,0.000113137116869967,0.000141099536249825,0.000103041770478253,8.15826188381493e-05,3.26978850571439e-05,2.37060738381421e-05,7.8392711749759e-06,1.31812116312168e-05,1.25834825425596e-05,1.79788597636092e-05,1.99695387809901e-05,2.04119753791491e-05,1.6604863515007e-05,9.87325058203278e-06,1.83633635203282e-05,2.09772006454379e-05,4.50594601971032e-05,0.000382947139875313,0.00043328646449356,0.000108427491098332,0.000517432776053608,0.000174020912774128,0.000245862791691777,0.00180242592883374,0.000338205908559365,0.000249032853753292,0.000272857795031778,0.000433265917881301,0.00103496671266645,0.000353610497625061,0.00157670139614188,0.000352539001716653,0.000304449349332578,0.000209287436096869,0.00024687715456389,0.00124621100713574,0.00011278686079383,0.00111836220925215,0.0011542085054055,0.00078038369172793,5.26055095852069e-05,0.000993913310902231,0.000152931161632664,7.82683275618107e-05,0.000115321654648384,2.70133913568678e-05,0.000157246131365821,4.78838474825985e-05,5.49355488647449e-05,0.000200646476735001,2.07653508084002e-05,4.73077533474488e-05,6.1937684768044e-06,2.21441877593856e-05,1.08463820899644e-05,1.4584049529869e-05,2.35477024639859e-05,1.24140802572112e-05,1.96034717033876e-05,3.25020982538488e-05
1.62049692394329e-05,5.22453782052445e-05,1.06944512010533e-05,1.05208348953648e-05,2.02444569120366e-05,1.2561171704915e-05,7.76166021831842e-05,1.86672097090769e-05,1.84039473955729e-05,6.17213915466704e-05,5.29944524378748e-05,1.4683809387071e-05,1.76634799069406e-05,5.24083006768481e-05,7.01662367070767e-06,1.26828974107858e-05,1.74079843651731e-05,9.41331289406548e-06,9.41137404572776e-05,0.000204013643370502,0.000257292526774852,0.000525436722134087,9.73313487765261e-05,0.000383057043209119,0.000624765788717555,0.000259156029090178,0.000240888777374887,0.000356852735825195,0.000307114570006877,0.000131600485269296,0.000122070728292998,0.000232156866626388,6.65123445055974e-05,7.33609472545158e-05,7.39978919424913e-05,0.000203785665465161,0.000313040299604272,0.000247732732646392,0.000169655067111219,0.000168302241656686,0.00026206416551927,9.63032158197505e-05,6.13327882366441e-05,0.000119610648217109,0.000242148147228706,0.000565274100897406,0.00206046033803189,0.00240193615200592,0.00149230686600515,0.00276508325822809,0.000443773037873234,0.00286095069764991,0.00251410340472952,0.00136853836367586,0.00042575055564565,0.000553366858283014,0.000776396436593909,0.000959271252339364,0.00101081188301909,0.000903681504004087,0.000160884651523449,0.000243311081045645,8.69859521034654e-05,9.84920260132965e-05,3.15623352233503e-05,4.91769555733024e-05,1.70839526132091e-05,2.96833139483849e-05,3.6852880376325e-05,1.90785676471335e-05,3.25353746091221e-05,5.00226700630281e-05,1.02566187222807e-05,8.63075849735473e-06,3.1733804018331e-05,2.57029499480784e-05,1.79369348775044e-05,9.29826409409557e-05,0.000245473035935561,0.000127399904799243,0.000369075175475222,0.00163404349810914,0.00216937526386818,0.00219512209248758,0.00208140033579044,0.000378795339174907,0.00113851351763493,0.00198463541156582,0.000543975373376652,0.000689798741795932,0.000815709605739929,0.00155737619696716,0.00105234581348962,0.000403304565811032,0.000434791323948822,0.00166224763498386,0.00063914831109225,0.000545246047155051,0.00065811712343569,0.000786062226943353,0.000503359246527709,0.000169322824854133,0.000257852038000591,0.000333160135400834,0.000141331063058155,0.000217178801531812,7.11701952792244e-05,5.7700238364734e-05,5.37688683572431e-05,3.0721779846774e-05,7.89757371814512e-05,4.41026606491234e-05,2.72412453765971e-05,7.4061330651425e-06,8.67149734600325e-06,1.5147879572727e-05,1.41223398294208e-05,1.83266224523787e-05,6.52263730561752e-06,0.000127203091811252
7.60948907986994e-06,1.43175369998466e-05,4.48592426880403e-05,1.26984258401311e-05,8.68427572344178e-06,1.34538704168987e-05,4.30133665058904e-05,4.72304749269656e-05,6.48886571153209e-05,0.000133575604603827,6.24424464959521e-05,3.60229464645832e-05,1.51978850144711e-05,2.50603597142393e-05,4.91348279732415e-05,1.5900253748252e-05,7.75475116325448e-05,0.000117689387221695,3.11566337996773e-05,0.000349446694853385,0.000515632177347818,0.000676125725541539,0.000442815178436307,0.000996161298087377,0.000329848897747601,0.000229524001048957,0.00053075277799065,0.00117048633987068,0.000258006526486726,0.000178088287754332,0.000128550357742455,7.41154741623502e-05,0.000109718652626592,0.00013866993096134,0.000101653573557971,0.00025328402931122,0.000403689343554854,0.000311596246551283,0.00030964049868604,0.000269309729287572,0.000451941800434336,0.00045153898270121,8.03683074654492e-05,0.000112525109329259,0.000454775630799364,0.0017001899710838,0.00143612850963389,0.0038783297108842,0.000697903907855736,0.00123953222965542,0.00300333486290983,0.00117669822318211,0.00307626316763298,0.00765810719488603,0.00176633442588929,0.000604849687381596,0.00113106305364791,0.00160758809378073,0.000419730638642366,8.35908276495806e-05,0.000267161871796941,0.00020018898468181,0.000261830468528716,0.000103336500884626,5.74269195471773e-05,1.87348268961144e-05,7.89614115066467e-05,3.1273348501759e-05,1.29158591031603e-05,1.58235497051354e-05,7.46808069896381e-05,1.59859297939442e-05,5.06552603608143e-05,6.96129522902272e-05,5.96283861529451e-05,5.8114339618344e-05,5.64735316759748e-05,0.000120022953264805,8.71463354930978e-05,0.000120414186839483,0.00100129416011428,0.00378567327082925,0.000867980461573012,0.00319194399544989,0.000482660228581668,0.000344836996239513,0.000495504848419058,0.000492507561296694,0.00152960294616177,0.00116735945238489,0.000389373597147789,0.00155027713879479,0.00158266370689769,0.00231314797839555,0.00264619781897935,0.0020003504842268,0.000364506322041635,0.0010207318845533,0.00125981237045701,0.000784622212757452,0.000222947911494156,0.000448667322129075,0.000105957107708024,0.000106495751802926,0.000274276217500365,8.4202369522826e-05,7.67447554052292e-05,0.000201661921392271,5.30534985829709e-05,0.000128193942434307,0.000106572785898751,4.23900251505412e-05,0.000100737674098685,1.87736361562687e-05,2.50480088271974e-05,1.14092990472386e-05,3.70954277512387e-05,0.000154185853938191,6.31054823995922e-05,2.75554703759886e-05
8.32211979700583e-06,0.000109346687897704,3.44613800741332e-05,1.78592824903867e-05,1.54142001263315e-05,4.44759974262251e-05,6.58829584849829e-05,4.17125214714573e-05,1.60103847326026e-05,7.55006950594536e-05,6.5314312316583e-05,0.000198629128526941,5.97854942116397e-05,1.37918148452078e-05,8.24603963975682e-05,1.13658418756142e-05,5.02742214941016e-05,0.000109712006059079,7.37396635758591e-05,0.000354709110351136,0.00121322656683811,0.00138160352433796,0.00187127565832516,0.0012788008658914,0.00236247248902183,0.00177192724758645,0.000508296294991242,0.000513140520298564,0.000453806657646931,0.00155937584717638,0.000477402106949458,0.000227931571964837,0.000277867492961982,0.00012081634983416,0.00011021354287537,0.000302488313459706,9.1105391527785e-05,0.000107582597492001,0.000131229683226006,3.64252518241885e-05,0.000212654230005494,0.00011713831892792,4.48073328282974e-05,0.000146349056620574,0.000279394789298742,0.000199830660112484,0.00106667013490928,0.000396145088336676,0.000288909419900037,0.00434663201092473,0.00296774156458311,0.000810322723355035,0.00351998236161464,0.00428836682699542,0.00118952293438138,0.0010082627787562,0.000608141735243694,0.0029431646040494,0.00136895674283237,0.000480159983250084,0.000411186942149317,0.000375815912921251,0.000150394180605673,0.000818824247372172,0.000181299570914011,6.40195785697021e-05,0.000343168612133448,0.000148807248710998,2.34910425526773e-05,7.70147419422218e-05,4.52268709834462e-05,2.07600839461426e-05,4.93455888398292e-06,4.0506873581746e-05,3.74236867787559e-05,2.00803058601847e-05,0.000115212869902133,2.63366593294366e-05,0.000154421307253674,0.000263421874034001,0.000632697032372203,0.000321009919876924,0.000516059052325798,0.000780856720259458,0.000602334483600175,0.00133005096862067,0.00118265547469093,0.000507340666196554,0.000345499745181396,0.00144464490376421,0.000788566126524765,0.000994877732692105,0.000510929488994553,0.000284267465563107,0.000691343404914937,0.000889608112476421,0.000540852178183193,0.000173838871016578,0.000228453500232277,0.000422413089464362,9.83773688112378e-05,4.69076742330206e-05,0.000153271320495883,0.000177363469013454,0.000133409231105841,7.57553969471381e-05,0.000127924565970809,5.12095642737226e-05,3.65848683557762e-05,8.99729459956148e-05,5.01513745573039e-05,0.000181232267617524,0.00012083970021756,5.29580081009025e-05,3.57608927182744e-05,2.3080122427265e-05,1.20240100116448e-05,7.66632828358614e-05,4.26158667540792e-05,4.3575910158783e-05
4.05424200812776e-05,1.59334176981714e-05,8.48441872666652e-05,4.15529894170809e-05,1.17683014398314e-05,2.27097741377446e-05,4.24446200212242e-05,3.83961372523514e-05,3.16707003833168e-05,0.000335575324666549,0.000447185017718272,0.000181289261471313,0.00010677453268807,8.92206493897859e-05,3.02273975832674e-05,7.63995394459585e-05,1.51579164130815e-05,6.82657405160645e-05,9.65335328455261e-05,0.000139932248283135,0.000449461243776613,0.00113919639168393,0.000999269014602687,0.00173915509263951,0.00312248050263786,0.0047247842012538,0.00386111652729943,0.00768765380394051,0.00116438995634185,0.00302571514043162,0.00332815596382373,0.00190218697872727,0.000345234142838641,0.000478649119458194,0.000332845683079996,0.000387047663939872,0.000280207546129955,0.000255187727356663,0.00017137355874669,0.000141960574428639,0.000101669332017658,0.000126831508752321,8.22874815885626e-05,6.96798218712723e-05,0.000319799881016531,0.000238252745936947,0.000725252437329497,0.00136488648074338,0.00209397537143941,0.00454282486201632,0.0075221604432409,0.00314799190013984,0.00281461299816301,0.000849425936522975,0.000764364494007075,0.00328592679039658,0.0038029604983253,0.00080493253865951,0.00241241149404117,0.0012993642735544,0.00102755142042187,0.000208824044529645,0.000512281962755475,0.00108623392496063,0.000301745369298507,8.46262489369456e-05,0.000136137654375708,0.000343378948894257,6.06137136701493e-05,3.75271691224866e-05,0.000237476643831772,3.1306335529758e-05,3.71854968643798e-05,2.71725016878351e-05,2.77900769115286e-05,1.17804246772577e-05,1.89766602211727e-05,5.41103317485371e-05,0.000130110575898613,2.54091730353696e-05,0.00157949153812656,0.0011875685119821,0.00208034283574388,0.00122025904951946,0.00181190778839187,0.000872455914688411,0.00121803960505303,0.000226956809534254,0.000314256865742003,0.000923508969883653,0.00118461213039623,0.00251845697943836,0.000616295946384788,0.00226596714203003,0.00129198411670208,0.00033667686156892,0.000677686050225444,0.000734968498699306,0.000903077227062161,0.000743891548894397,0.000486946406459066,0.000346611802991799,0.000137211352454934,0.000114115138138686,9.39184164077004e-05,0.000215120708067312,8.86270398576822e-05,2.92301344295599e-05,0.000162480075793243,6.38986201238604e-05,9.26774489801803e-05,9.82921701303282e-05,1.47575313101654e-05,4.80230097666167e-05,3.62947980343841e-05,2.05501240009939e-05,4.9124109082687e-05,1.44908285579122e-05,2.72106901702827e-05,6.32962587207141e-05
5.54728526403759e-05,1.83715731940925e-05,2.04269326836654e-05,8.53359089166851e-05,4.54839326704979e-05,3.67672779212778e-05,0.000105121861792572,0.000167623429185965,0.000117277298342605,0.00015642427153266,0.00011106109887062,3.01432559821928e-05,6.04939563818112e-05,7.06551701064913e-05,3.31101126778979e-05,1.19381228571823e-05,1.26225765154417e-05,0.000104337742514642,5.44932014926579e-05,0.000954544540302314,0.000426059086248662,0.000963502903534001,0.000284044641268461,0.000856912042678024,0.00380041930129141,0.000798758011113623,0.0018393342909566,0.00518711425990397,0.00311054263095424,0.00169334145724836,0.00101338645151632,0.000711755788796367,0.00117953827723433,0.000247121291429189,0.000568698089254139,0.000218389167593267,0.000822875902261576,9.23646406510123e-05,0.000107209836366342,3.08696514009315e-05,9.60963576905603e-05,5.37579008907816e-05,2.84314326824181e-05,8.46991857494726e-05,0.000123728557891942,0.000503825411200409,0.000227032207860328,0.000597166257535426,0.00207329330939662,0.00103573070499957,0.00620876800955648,0.00285007768135162,0.00260249671447603,0.00459544067307194,0.00385088496651345,0.00213543715828568,0.00368001939167199,0.000399095501229751,0.000635973954498069,0.000146649435128963,0.000191406053161036,0.000815422517414595,0.000451072121723304,0.000502314332397483,0.00060826538418219,8.95253864907875e-05,8.48053576213433e-05,0.000525807245085847,0.00010539657149759,6.87347260088238e-05,3.24527670887035e-05,5.70042132665381e-05,8.02347578874041e-05,0.000111462617424375,2.44931272969019e-05,2.66216628143021e-05,1.68964778986577e-05,1.94790326771437e-05,0.000124058859438021,0.000148418617225941,0.000705573449329015,0.000953381458328417,0.00111219272552163,0.00188999105626998,0.00111530803389585,0.000760348341626433,0.000724850183342513,0.00105346439433317,0.000658296104269099,0.000815476896385475,0.000795684154542901,0.000884825719712224,0.00118236469295527,0.000925685827996695,0.000660109873611872,0.00103045142810621,0.000525542791333242,0.000421196437624489,0.000567230547890292,0.00120841030148094,0.000126103694030925,0.000325598228428367,5.72543722785171e-05,0.000286073504415395,4.1291727220652e-05,7.26037030976573e-05,8.27653483591605e-05,0.000150501308447252,0.000105125467950337,5.37694747126912e-05,3.71943053942364e-05,4.76903111800848e-05,2.24638222038242e-05,1.13222835859973e-05,3.4679534977708e-05,2.81030886196142e-05,4.05734892286211e-05,1.59714584048456e-05,8.45937992691403e-05,3.9591497125504e-05
5.4566724881964e-05,1.74065686375119e-05,5.51958803172833e-05,4.43159789068242e-05,4.82166308789738e-05,0.000205871983764775,0.000105395079075452,0.000342459335364385,0.000296666323122587,0.000219387071495083,0.00015977824458351,0.000135832956989573,0.000152565550332829,8.13361404593526e-05,7.42809228713523e-05,2.26934665518144e-05,0.000202921946170176,7.19459952915771e-05,0.000230096871152465,0.000843631042866459,0.00285353301221386,0.00104956127133933,0.00252617698408536,0.00251226778607799,0.00133424399646929,0.0108347832242662,0.0016263648109719,0.00117515370726265,0.000427205509965325,0.000519387216853735,0.0003807287929362,0.000432813783144558,0.000701106791576135,0.000296775923865615,0.000113421411150635,0.000310023175778491,6.48159611385697e-05,0.000594936845661405,0.000148472286279724,0.000112332905190907,0.000268509562081612,0.00011323630907982,9.70658175978678e-05,0.000214252691967358,0.000385780118678208,0.000184473317391659,0.000488335093989794,0.000557732246427848,0.00139688204168548,0.00265025988933814,0.00695412667548166,0.00309575461321387,0.0075833316199535,0.0211750791805794,0.00572953067674794,0.00491093940156697,0.00422794167680407,0.00217054923026836,0.00151067919097712,0.00357948735288679,0.00275762329909433,0.00416089880272532,0.00320181631451834,0.00146014910637585,0.00267601339774518,0.000186498947192705,0.000309470128918962,0.00110320957033085,0.000151306285428942,3.68272375609124e-05,0.00051320870430602,0.000154124506949452,0.000180491663662953,0.000129256029264086,6.02982919251283e-05,7.46031097361155e-05,0.000103792182276647,3.28028990653947e-05,0.000177081088092882,0.000142650784868129,0.000145800973077883,0.000112542552271448,0.000485886054640564,0.000347856773228834,0.000511748075443115,0.000232978756315565,9.98872242362831e-05,0.000350007910090078,0.00077950690878889,0.000515668478037,0.000304317878733668,0.000446958461060459,0.00144374661264634,0.000857592546392257,9.65998022380574e-05,0.000394894214553951,0.000254761771084874,0.000206232428948799,0.000124229629613551,0.000295635500059498,0.000205045653665352,0.000188897053209767,0.000102958600905611,0.000168863396349991,0.000128140161817795,8.59028060227552e-05,4.16576084843557e-05,0.000129561967418906,0.000167557073189134,0.000240406550932953,9.08780541651539e-05,3.20628496750427e-05,9.88710740502336e-05,0.000126744049218759,3.17818105005379e-05,9.49605940373387e-05,9.24498727347442e-05,4.45401673312741e-05,4.15450717021524e-05,5.25271478086886e-05
3.98566300306113e-05,6.52186129346999e-05,4.49693620240775e-05,1.75310226634077e-05,0.000128738601182821,1.11307270126287e-05,8.05558795767263e-05,3.89397267183149e-05,0.000108310746727213,0.000122655586413713,0.000124520660288403,4.77737659068433e-05,0.000137220542466357,5.79180498149152e-05,3.54730802214513e-05,1.09636790518339e-05,8.60797267705234e-05,6.32749859055085e-05,0.000188358529376654,0.000685367007620639,0.0011626521694615,0.00171585616408386,0.00167207128641986,0.00492076830470641,0.00178583422188797,0.000271820530334173,0.00313447452108897,0.00212797510379941,0.00170716380586358,0.00214035838022064,0.000632518301445051,0.000287200641045813,0.000283853937182257,0.000333908892788684,6.55852093645398e-05,0.00110313235817511,0.00085028692275236,0.000185250604038481,0.000236026642909014,0.000166420127123285,0.00031041991821375,0.000302896651660108,0.000157425270092095,0.000555779823572423,0.000436745859876273,0.000564457930484285,0.00220681239190195,0.00165147639440152,0.00131974611485431,0.00125100590995261,0.00296630578452364,0.0037346246126399,0.000925158937737651,0.00446543268902957,0.00191224799386885,0.00221687680186742,0.000492870008970797,0.00068464004127076,0.000393187256178558,0.00137334897529985,0.00159023986084391,0.00286350138789482,0.00123901412751185,0.00147471601735579,0.00147703117476586,0.000580164882399008,0.00071019443155287,0.000681832776038401,0.000190886775409643,0.000166175758129337,0.000399153277281323,0.000185544358350769,6.96095223055739e-05,0.00014602549290047,3.75475440348915e-05,0.000202933313656687,0.000134366058146421,6.50821708578116e-05,0.000111096026801797,0.000249651313689263,0.000374387941076729,0.000524315025592742,0.000205533228822617,0.000280024949758541,0.000780683257796473,0.000193865151396612,0.00072503004699758,0.000743454134463919,0.00046288505613364,0.000252650856232831,0.000706928562054548,0.000276961002679274,0.00051373652725569,0.000630288823485172,0.00080573468777669,0.000120062987723575,0.000203861888964753,0.000320091063324211,0.000248941228749989,0.000163792091102827,0.00042864340297348,0.000511936400856243,0.000154491478934202,0.000169476008695966,0.000284323661987863,7.33801173039619e-05,0.000131147750897631,0.000160501864674365,0.000234847723887077,4.01162090920805e-05,3.53755275216383e-05,4.21393622770919e-05,8.33048663670174e-05,8.78751516884612e-05,3.83744364601233e-05,5.52147270815314e-05,0.000260064685415679,2.52541820057938e-05,1.16540681579712e-05,5.11372885266317e-05
0.000140739671146774,4.07891025148606e-05,4.47413203891824e-05,0.000255857542394088,0.000123801040134181,8.99539443072393e-05,8.00491759563989e-05,2.91930411573862e-05,3.86881427077133e-05,8.98139722940438e-05,9.40104981975788e-05,4.13680241574314e-05,2.81369470894807e-05,2.3371795670983e-05,7.27910698164744e-05,0.000129604324054604,7.01982487945581e-05,0.0001454246495179,0.000132978158544565,0.000236313063148736,0.000555601943510536,0.000314366769189201,0.00144733629377042,0.00178294580615708,0.00324333626851451,0.00195537617083892,0.000464859892995769,0.0017038174571058,0.00122660624923672,0.000772637856339467,0.000569861315581386,0.00037179716117804,0.000447834772236397,0.000458342575926991,0.000244573746693184,0.000147524190290316,0.00021427180235909,0.000198135718470463,0.000181166484719522,9.21464213408481e-05,0.000174887941150548,0.000128160975980478,0.00011871348503088,0.000215915159745469,0.000593076502821245,0.00017353684264134,0.000571015327118218,0.000728758827128248,0.000979307221045257,0.00864823612641614,0.00448931321770438,0.00629388763045085,0.00389894571842706,0.00128843129433441,0.00171440233688811,0.00121193459405053,0.00277739664719346,0.00105006996566256,0.000901087412143725,0.000486106975466246,0.000487918902446971,0.00147517825928964,0.000741089359474252,0.00161792227747885,0.00064017018694113,0.00109924368456122,0.00020489887858969,0.000202768824658394,0.000634983987787127,0.000504199635454755,0.00132369888775555,0.000901290501460367,0.000414137720850926,0.000142882668650171,0.000122092021113789,5.04090146978955e-05,0.000101581201192713,6.81940044480617e-05,0.000140425149784378,0.000480871199858818,0.000122664944054498,0.000121219018400196,0.000194760811669679,0.000392976627507294,0.000618205428485567,0.000397721020462953,0.000286383591865351,0.000310061712826223,0.000710710390788357,0.0001362345490322,0.000418964901041734,0.00014494008338041,0.000348604231029609,0.000238622964325717,0.000370374958312266,0.000385743196291684,0.000435745108373054,0.000308547689515847,0.000338674978915448,0.000550620037874794,0.000474795922493184,0.000228236171509395,0.000199042515710304,3.9398834618623e-05,0.000152020519431073,5.52188387690276e-05,5.82291446392588e-05,9.35771326318569e-05,7.70622216410533e-05,0.000144377056007841,9.46168070610503e-05,0.000130661124781083,0.000342922857811082,9.251115682501e-05,9.97839929850437e-05,0.000136221700522111,0.000156371058684797,0.000178544080045509,0.000125190200175355,0.000150161700712198
0.000127618334563717,6.79908782399705e-05,0.000215949918117716,0.000148914823411024,0.000200304498718169,3.09016355063242e-05,0.000175008762698682,0.000130806764406718,3.8120209636414e-05,6.88300674520705e-05,0.00016799595187334,0.000135750863122213,7.14338272451628e-05,0.000124015048417859,8.07314005618862e-05,0.000102685448694665,0.000281305554866851,0.000196248141924254,7.87498829181467e-05,7.43916220527723e-05,0.00041316729837464,0.000141689893437502,0.000337644055828083,0.000262968493129321,0.00100086845336132,0.0012249761360288,0.0002776182206908,0.000130713078763072,0.000395805849881915,0.000513455344146395,0.000210225691029072,0.00010340778011873,8.1778947961412e-05,0.000177038668202699,5.46141680617513e-05,0.000420784598196511,0.00025320731904332,0.000215130549807716,7.37203465568541e-05,9.65515803637723e-05,0.000188452637978723,0.000203799657340365,0.000112502647748204,8.49688450224716e-05,0.000361624600191265,0.000146510522354702,0.000209523322450219,0.000356501906357354,0.00218156582568874,0.00173324466960554,0.00268590629457118,0.00504071166971409,0.00142284499916099,0.000947413392905668,0.00137057934686812,0.000959595579083362,0.000405740846201098,0.000849939691861413,0.000354439766270821,0.000375296554398582,0.000324328746770479,0.00151418599943682,0.000746923367798415,0.0023822422272769,0.00445537871681693,0.00118593841706068,0.00109252665066118,0.000401106857253591,0.000622287559150427,0.000438536326834908,0.00372344563454144,0.00122340029178489,0.00124269970240905,0.000551106483680797,0.000221656982127774,0.000551456808976383,0.000171870816759811,0.000226639293764819,8.98285707989602e-05,0.000257935402179387,0.000189044088412428,0.000135475305660686,0.000412550290461754,0.000111975097462093,0.00012621825135428,8.5949328148227e-05,0.000162515185228596,0.000307765989991514,0.0001154685677555,6.49566807674198e-05,0.000187420645257223,0.000102145562950854,0.000239802298443158,0.000111416857100463,0.000182507684091484,3.64097218260216e-05,0.000104685385289466,0.00011656445582022,7.45407376635568e-05,0.000209669680281608,9.33485529214811e-05,0.000143322114920067,2.73610689462628e-05,0.000203889218434005,0.000102674281953725,4.5700498058913e-05,0.000302578446583561,0.00015785788312194,0.000255297495182009,9.51031452868044e-05,0.000287842902976453,6.49708027091797e-05,7.7934805360064e-05,3.94408534268267e-05,0.000220646606124097,8.60639848377951e-05,0.00033319677016737,9.86183981953641e-05,7.02945536711025e-05,7.22005457846673e-05
7.72357643731852e-05,7.08396592026612e-05,9.74737644022182e-05,9.30084181455454e-05,0.00014738147828168,8.00175735035246e-05,9.01379178423214e-05,6.24078867334352e-05,0.000160974054008288,9.1598751976401e-05,3.28646496822571e-05,2.06400019373494e-05,3.45533418546878e-05,5.88160703430827e-05,6.81941025245336e-05,2.73919708859107e-05,8.8987315689472e-05,5.3115480643022e-05,4.30086125596216e-05,0.000113256812508938,0.000150917683777486,0.00016318377361773,0.000228510832350394,0.000236803957162014,0.000427181323686553,0.000226169736477682,0.000273528270565397,0.000376020869193962,0.000292468023593822,0.000169824425967683,5.15621823420036e-05,4.47150636115193e-05,8.75185043770515e-05,9.29545208485027e-05,0.000128762121923496,0.000171065415406323,0.000173503960986755,0.000360321750294178,0.000533386497351323,0.000161580374382352,0.000332750811864946,8.0817247961882e-05,0.000204927679221923,0.00136049454373288,0.00181094619605227,0.000686649322756371,0.00115434831862794,0.00129376120981694,0.00118983503778428,0.00253883384190335,0.00692892357903301,0.00584050505496167,0.00227352164717862,0.00201317325730906,0.00178053234375968,0.00099503570798453,0.000461923039008485,0.00150984963042355,0.000608151986060831,0.000855584343034772,0.00040734944303186,0.000953974749038658,0.00412440876882155,0.00316222303836038,0.00238745528209331,0.00172640545384606,0.0078385951153785,0.00863159335626956,0.00415205979477735,0.00221605962509967,0.00722642972019051,0.00333545164164343,0.00457661190307138,0.0012450015874743,0.000847764418498164,0.00118384514718513,0.00127788619132236,0.000153085019506579,0.000684653610003374,0.000604515847554742,0.000253167706399643,0.000276500374491332,0.000115719684248507,6.08113320371807e-05,0.000149690929569167,8.9875822835894e-05,0.000155489863153143,0.000118453797171307,0.000101708629367762,0.000171482820230657,0.000145151894141941,5.38852496450267e-05,0.000265830127881145,8.75915660698961e-05,0.000245663623569848,7.27015638585882e-05,0.00010303699287954,0.000122709457375126,0.000193010758245202,0.00020796398543171,7.99102327880835e-05,2.19315397806177e-05,0.000119031036992046,0.000188827101545004,0.000151969618885338,5.4179068483035e-05,7.1182497485243e-05,6.19893093593909e-05,4.13087386829118e-05,0.000173265199066751,8.19798550617169e-05,0.000114780773984867,0.000150513037270782,5.16538662626481e-05,5.00817558415486e-05,6.21533380176684e-05,0.000207134043783717,5.80505596526274e-05,3.16032932411815e-05,0.000138077142242589
8.74153873051671e-05,2.94990065193413e-05,4.73514122078583e-05,0.00015686180246696,7.50891148740823e-05,0.000136198680822662,9.42009876784187e-05,0.000117397201945717,3.83871066573215e-05,4.82761599094694e-05,4.74077526135198e-05,6.95130560019386e-05,2.70423262707216e-05,3.90165513292024e-05,2.79082036363388e-05,4.07071879740252e-05,4.89729645676566e-05,8.10595139215048e-05,8.42887498844758e-05,0.000100719813627735,0.000122552749821278,7.8363869300415e-05,0.000267767889176551,0.00013204935128123,0.000320293193473411,0.000161863991653139,7.17611218210677e-05,0.000212512836427385,0.000232292813369064,0.000290305294608544,4.91682893246354e-05,7.18797872899468e-05,3.5052881605048e-05,5.79621858205353e-05,7.2985654838347e-05,0.000110973514849026,0.00029711268408151,0.000109100635391171,9.59391355771412e-05,0.000169653793660865,0.000114342852194889,7.77376536040482e-05,0.000181851034327793,0.000397708358287569,0.000621074980952849,0.000326353049498999,0.000397178221786853,0.000815714640357841,0.00103938108032818,0.0020029449460451,0.00799366693019863,0.00163250665079922,0.000563714130117848,0.00239185449478293,0.000944008986703869,0.00030530378766483,0.000549728212222316,0.000229882493667382,0.000282116439667028,0.000557362727604199,0.00119456867113118,0.00257844284314373,0.00263187782800302,0.00264403823307437,0.00273643840844556,0.0028496221136251,0.00333229192978048,0.00246206146800011,0.00148544364417322,0.00172772418747623,0.00406674576393658,0.00372493800536837,0.00043350598361802,0.00202781585939584,0.00109541387434007,0.000555187277336335,0.00090193674533365,0.000396782550267228,0.000888776934904204,0.000438027057892941,0.000103446176741001,0.000126781790139213,0.000386780169789361,0.000388247230268438,0.000343542570124754,0.000319909733278857,0.000187697822589082,0.000499117617947882,0.000322117975536489,0.000560341729207249,0.000195639878494735,8.93075777897432e-05,0.000418358357370275,7.44070951523993e-05,0.000236703975029365,0.000241534397020086,0.000257802568020674,0.000370466970684512,0.000317967651991886,0.000282105338825741,6.36162517560347e-05,0.000107001264399277,0.000251525190978822,0.000120545420972226,0.000202560183814456,5.83909943543147e-05,0.000168628622770034,4.60684001685043e-05,3.68477782611623e-05,6.05006704323448e-05,7.05705546407374e-05,0.000162657143925007,6.14014963652236e-05,5.96431309477057e-05,6.59015458213219e-05,6.29077976905489e-05,0.000111042222467123,3.14706241792983e-05,1.52428944615256e-05,6.44756383768249e-05
0.000102295375211668,3.57548430990164e-05,2.95615754305114e-05,8.87409444617569e-05,6.93164832669241e-05,2.68764230599927e-05,4.05014655313186e-05,6.8722184532586e-05,0.000121788027990368,4.29951111271401e-05,0.000107531306070414,9.19551006910958e-05,2.59798002356841e-05,4.25727963976301e-05,3.76818573868108e-05,2.79067124208354e-05,8.3547790629127e-05,7.17106809964931e-05,2.84702933936695e-05,3.14510711193042e-05,0.000163979091283854,9.11175503112764e-05,0.000429735179601234,0.000149686329877752,0.000170920098524087,0.000207807898363804,0.000459553276333706,8.01698357197442e-05,0.000122378823912899,0.000120369632525625,0.000201695735631911,7.87396166677492e-05,8.90277091218998e-05,2.33256675830129e-05,4.94983346166132e-05,0.000110542392867111,4.07268373892861e-05,0.000124519325060403,0.000156471173634548,6.34688943393154e-05,0.000110555941440357,6.78923633889051e-05,0.000121817595986102,7.54066978608184e-05,0.000322037562963602,0.000101099854071508,0.000248494863744713,0.000982310646424112,0.00158196570341558,0.00139426304953076,0.0103183924721078,0.0027997544133233,0.00145741593165485,0.000552923000054659,0.00137036049198506,0.000310863425093762,0.000953177883309477,0.000951610432161253,0.000966559217838361,0.00147326446119836,0.000427846142252576,0.00117948827454705,0.0052030702062232,0.00190224739235091,0.00140940460070165,0.00223407574103735,0.00355599886431951,0.00433904370870025,0.00597971636329349,0.00211193457278105,0.0129514708250461,0.00398453666635298,0.00365747768026407,0.00352072144457712,0.0058195219917908,0.00105097244633584,0.00120132186643374,0.000766408402628043,0.00143753659553953,0.000952477651178298,0.00046842286730983,0.000398438220153807,0.000799481105416791,0.000383599986797378,0.000437103879276935,0.000683911089965615,0.000408507177809648,0.000305829917989869,0.000625580142982039,5.7356179107941e-05,0.000424314184326541,0.00022371936231989,0.000169800998499306,0.000153029373316125,5.6744172900922e-05,4.28520242629692e-05,0.000177375779490181,0.00030281643835965,8.07168956912682e-05,7.40918419969443e-05,0.000236486473126487,3.76879707088533e-05,8.73823809312415e-05,0.000194519852825941,4.96214177187978e-05,7.22021796854423e-05,5.47309633160409e-05,3.14115227604978e-05,0.00011922331680169,0.000141340089372534,6.41046311586998e-05,0.000108122951119824,7.82176883220661e-05,0.00011470350627697,1.89417898755777e-05,9.28674536952797e-05,9.04007497672013e-05,4.33367114248489e-05,3.28148412206682e-05,5.015385030951e-05
8.8045185532966e-06,3.87924397241612e-05,9.96550027248113e-05,3.91119312139756e-05,8.63501328959979e-05,5.35443890813631e-05,4.61395229445142e-05,0.000134578413227555,2.19017149216935e-05,0.000120109787773753,9.15524481250818e-05,5.94720550209759e-05,5.59776516664309e-05,2.24663975535378e-05,5.34919575715308e-05,4.88154413032188e-05,8.6263790237597e-05,0.000135783213355286,0.000175669647828399,0.000119122341790507,0.000169804662572349,0.000135513044781125,0.000101168953868356,0.000555431201416338,0.000127262882231838,0.000132008263299666,9.64741581351941e-05,0.000204018491536448,0.000580901662017046,0.000208186532082576,0.000207297656186916,0.000179178354634028,0.000124692929477474,7.9100911410892e-05,0.000117105086823771,0.000427159617571512,0.000183182545342547,0.000179856743608882,0.000184701186526711,8.99552085067201e-05,0.000256680799199458,9.49885230636598e-05,0.000151312647107159,9.56201519905057e-05,0.000118684145861848,0.000404796685429617,0.000423217256487904,0.000947359875341563,0.000951449711662329,0.00333783426873884,0.00333100486723806,0.00274158024242745,0.00139619349040766,0.00220591586346773,0.00170125003122648,0.000556888464635061,0.000698072196641541,0.000847971467234075,0.000363263225986516,0.000713576673311462,0.00125287409913256,0.000811501108892562,0.00103610061848342,0.00535089820116445,0.00188398222400195,0.0101198967538975,0.00840466728219645,0.00300656053818069,0.0107888812223608,0.00349398988562332,0.00625120543679856,0.0031879122209726,0.00238825455400904,0.00355196037728707,0.00363514647254543,0.00135331336075483,0.000624345000173171,0.00102065193995973,0.000113175496229195,0.000489676929536611,0.00104293862358687,0.000525491051335738,0.00105564441342033,0.000963072345597105,0.0006525250644965,0.000552053405435312,0.000702101434150178,0.000153623107982112,0.000354610986875522,0.000747529857338103,7.96618045083332e-05,0.000222634329338146,0.000155575389233153,0.000163894383989799,0.000174418584099718,0.000181056387239544,0.000154054005519638,0.000242668296044952,0.000689088261778975,0.000419089835644599,0.000176627193487728,0.000232569768167105,5.43560736717805e-05,4.9541516726766e-05,0.000191727084508578,3.78794477281959e-05,0.000147739533301903,7.14759998384219e-05,5.30955340357695e-05,0.000105851645178174,7.68314638108585e-05,4.46130790917314e-05,0.000145845160199281,6.11079925014019e-05,0.000124025670223219,6.0060743065164e-05,0.000116648681926903,4.95170668094781e-05,0.000181311581293403,2.53681891894829e-05
4.23243288969067e-05,6.5254345451034e-05,6.0002594073471e-05,0.000122708742282218,3.07656841234911e-05,0.00022363181149427,9.43956113053494e-05,7.31149020042088e-05,4.73859233131022e-05,7.04802643125106e-05,7.92795273554815e-05,5.52798190529308e-05,4.93668143178129e-05,2.65355958345638e-05,1.40383100223298e-05,6.69314899089101e-05,8.67662864283394e-05,0.000113947027926681,0.000100391259445655,0.000120488153232893,0.000121888302281643,0.000182784834360707,0.000190042119418644,0.000525336634655526,0.000128323908811483,5.66873110510762e-05,6.28403193735773e-05,0.000108336873507811,0.000120810063591882,6.81412432710839e-05,3.01239013182745e-05,0.000102100200283519,0.000138687903393424,0.000176610367808409,5.44210391657344e-05,0.000116801456128716,8.72248537034665e-05,0.00010907220713723,0.00010848468833298,0.000254477783133678,0.000216635888100059,0.000103418479281403,0.000101406127475605,0.000157549259122362,0.000124305488623105,0.000221189347869994,0.000230310524723752,0.000232697818449497,0.000451040672196352,0.00379969022971178,0.0058455177494098,0.000829455294789293,0.000518072994539205,0.000634432988342257,0.000847670457739265,0.00023838690300954,0.000965947026726583,0.000217678324208016,0.000202344303804364,0.00107371659822454,0.00104149718995395,0.00172726406817698,0.00236267988247312,0.00262432449514982,0.00296646650519372,0.00345798524983108,0.014936993250026,0.00614435409615015,0.0142511596533196,0.0113570858315388,0.0118070374149072,0.00375173192442983,0.0033227787289939,0.00473464945547722,0.00730174312104806,0.00262926866435475,0.00231280507698736,0.001367837681624,0.00120729069100898,0.00060930411007516,0.000708649010567268,0.000123112345446583,0.000537870915732614,0.000281214076230606,0.000377270844694754,0.000727697426489432,0.000144808490601634,0.000107986523688392,0.000138036412402121,0.000318490248707575,7.4601872971318e-05,3.038458273494e-05,0.000168010513684995,0.000238382180222551,7.6552418439e-05,0.000183711600284906,0.000125901057268279,0.000162173416400589,0.000301306597807949,0.000134177838023987,0.000138641067637999,0.000159104363041173,5.01019662937372e-05,8.67138749026047e-05,3.3991334913088e-05,0.000228128389490682,0.000127697068625234,5.01381458180496e-05,0.000139191714708308,9.13739901059198e-05,0.000152969628516719,7.39907216489274e-05,8.38376226575496e-05,5.25897299152644e-05,5.2579195509823e-05,0.000117580969107741,8.03808672577206e-05,5.01936361236008e-05,4.05090705444989e-05,7.51588653954092e-05
0.000120006900090408,2.08589435854916e-05,5.29970776201487e-05,1.87412957276997e-05,0.000117964990388681,0.000144452424559018,8.94476186450963e-05,1.34344632149284e-05,4.54692558385629e-05,6.83310688198784e-05,4.87718182414469e-05,7.29680445558172e-05,2.32318315098457e-05,8.49973909355795e-05,2.49695520137142e-05,9.68271589885301e-05,7.21666516877429e-05,0.000186854913470959,7.57429395451772e-05,5.60589123530809e-05,0.000160004457421886,1.10471480355301e-05,0.000155993595247955,0.000222768946797023,0.000197945553757156,9.10778760838032e-05,7.84646120332817e-05,7.10840577158016e-05,0.000151566705955661,9.7386883947097e-05,3.28799259343379e-05,4.88100478681372e-05,0.000124306084397552,0.000101711654977749,0.000157433225006454,8.1636306611017e-05,0.000174288900158991,0.000220376028597328,0.000116843035491068,9.5893063933866e-05,3.15972083649374e-05,7.24979309704092e-05,0.000178939172363717,6.78232260751271e-05,8.48488026659607e-05,0.000184767238085763,0.000122076034604192,8.7558121282949e-05,0.000287185177167663,0.000556930604525804,0.00229859895032435,0.000441290388158285,0.000621029957775142,0.000533746324661295,0.000237822206698827,0.000304720734580274,0.00042509688603699,0.00038873115593467,0.00102134383716776,0.00075239771499002,0.000124585158826723,0.00196062097351697,0.00175726713925415,0.00277130893882926,0.0038931552421628,0.00623684692000202,0.00646427147177257,0.00380638729103081,0.00659582714808791,0.00497787175842313,0.0135565163596586,0.0100433717647247,0.00226001107868713,0.00327545027475685,0.00392627884684239,0.000766107912299896,0.00158089241232309,0.000355599706893343,0.000759070256201337,0.000594296671819778,0.00064579248819148,0.000303293116911577,0.000185964284310355,0.000238334770051931,0.00024507204425032,0.000291079693673948,4.30113053873742e-05,2.87382006001803e-05,6.51069515383874e-05,8.75483015255271e-05,0.000154193806252207,0.0001237996624058,0.000118583798162215,0.00014418957554391,0.000116679753749668,7.94022331236443e-05,0.000125733800271829,4.81483103120493e-05,0.000142300722049766,7.95915108903644e-05,7.06304951676037e-05,7.17905216835884e-05,4.56438226768896e-05,4.9915710316487e-05,9.25663658819449e-05,0.00011353363755112,9.70167536343977e-05,0.000114019605331033,9.42392880705722e-05,4.42730453186024e-05,0.000133183019303514,9.31658920932265e-05,5.18698587728085e-05,6.68442536168899e-05,2.2019877522443e-05,3.20981770625908e-05,2.91069231265079e-05,5.66253517441446e-05,5.61539548164402e-05,0.000106739796195178
1.35761354674154e-05,3.93273867339428e-05,3.01597168669979e-05,3.6718543555946e-05,8.62982879786197e-05,1.42239914790793e-05,2.38414580939778e-05,8.46790401784624e-05,1.60119555648179e-05,1.98952670876642e-05,4.26144851850792e-05,4.29725992051594e-05,1.44423945659581e-05,8.81959125321739e-06,5.30647612269337e-05,7.79130807407279e-05,2.17756754000213e-05,3.20989938125194e-05,2.05087659555095e-05,3.70227253683218e-05,4.64904861682245e-05,3.88780050235469e-05,4.86884346359712e-05,3.0387479252616e-05,1.9281006827052e-05,1.8272684091013e-05,4.31336921193253e-05,4.43739971203562e-05,6.74564602070823e-05,3.75544377662578e-05,3.81790027173963e-05,2.68215200925542e-05,2.10013645412779e-05,3.7673187078116e-05,4.49807713831256e-05,8.6491271450485e-06,1.85644149269701e-05,6.26646194868775e-05,2.50524117623336e-05,3.48526890914973e-05,5.86077108228771e-05,3.05905547501599e-05,3.42849049587355e-05,5.3572704221895e-05,3.00942095759903e-05,5.58704930298602e-05,5.46454075633396e-05,7.67945484700772e-05,4.5970148002931e-05,0.00022657030477019,0.000889818835012715,0.000166198400918527,9.42523486780673e-05,9.31522398535465e-05,0.000121435263496793,4.13591479703679e-05,7.79375575290275e-05,3.58813936261766e-05,0.000182400260481015,0.00020052983304193,0.00029556120150785,0.000434074712698559,0.000449649960250581,0.00238593941315183,0.00367054411623851,0.004261163980389,0.00222680121859776,0.00303217698978352,0.0071698857453118,0.00358594066960341,0.000918549003925288,0.00153987467230473,0.000385260889304792,0.00132034904695658,0.00272510449606328,0.00200244278120546,0.00157437961851459,0.000981469303568082,0.000350543324489995,0.00144298148562281,0.000216376946935006,0.000112479295812522,0.00025377961210535,0.000109025060671424,2.62916136981489e-05,2.56463525393334e-05,2.18776743283353e-05,0.000103350068691008,1.39384584611184e-05,5.02859819499468e-05,4.73480541590444e-05,5.27168571846144e-05,7.01514878870691e-05,1.62746274749562e-05,2.76361793168054e-05,1.94519657233257e-05,6.65189167168474e-05,4.57093017439829e-05,1.63459372092332e-05,4.26201991680266e-05,3.12909071163211e-05,2.0174551293723e-05,3.09660552076866e-05,2.07772981231016e-05,2.55289417683633e-05,5.03808973157976e-05,8.58856786109017e-05,1.91796309038223e-05,0.000144840381359579,0.00011326140057268,3.94006610724986e-05,6.60921778823084e-05,5.42489209060695e-05,5.31626864995803e-05,1.88592964822814e-05,5.77600706834647e-05,5.38473740984804e-05,2.37994666713142e-05,8.77058075751351e-05,2.34483332664712e-05
0.000185709230617901,0.000151041408702085,0.000456359416535622,0.000193875118538724,0.00055272177704291,0.00864061861449081,0.0246454125317592,0.0390298589892517,0.0319683480176216,0.0202406161069486,0.0288191887008621,0.0243690922428235,0.0164461414115493,0.00987180457944943,0.0106381567936847,0.00746503882521054,0.00175014112803923,0.00196279176135062,0.00639615052126381,0.0162588487759294,0.038887402641259,0.0453594893969438,0.04080951005842,0.0192079056999003,0.0185853485818427,0.025567919379126,0.0140442119201833,0.0124869448953367,0.00399317463925802,0.00225655193432159,0.00268271111052563,0.0071786344428152,0.0108761667269323,0.00485774498359263,0.00513896938400918,0.00628941931852024,0.0217098943413861,0.0199468708934183,0.0109802744658108,0.00974881081779755,0.0131536794412002,0.0131835784343492,0.0156502428776452,0.0198693682629876,0.0233282986773363,0.0271445076279221,0.0279225254355656,0.0177838799977973,0.0151305791972533,0.0100066313876116,0.00949711608723149,0.0117898672455715,0.010190782562213,0.0239275385306938,0.0190996504424305,0.0179541376261124,0.0130760895395269,0.0149842052756251,0.0045540024040508,0.00979410301931492,0.00488188116324367,0.00817604415968159,0.00528303410633412,0.0024335451542583,0.00199693136229439,0.00205963570087086,0.00142985613530631,0.00100719814677682,0.00170918036298658,0.000803268296247786,0.000229009216099846,0.000367869415690369,0.000398066868779218,0.000152602683821614,0.000957687142684124,0.000562265845856617,0.00210844197081046,0.013177634578155,0.0159090428894192,0.00887082641073902,0.00640317893722972,0.00791384205880168,0.0122174981044561,0.00144606600036142,0.0103773985759041,0.00756526567315102,0.0117521174985028,0.0078397950230561,0.00614773646159947,0.00550448323371665,0.0054590945148237,0.00219164250701928,0.0039549610825771,0.00861017571970651,0.00590571477743179,0.00519481862710303,0.00456783857882793,0.00588232460679226,0.00730927159818177,0.00765188972868517,0.00564522333311128,0.000533564185083899,0.00330646574625423,0.00144617727953313,0.0152731539312767,0.029930913424002,0.0464278908146593,0.0205293886607303,0.0309748208056773,0.0243442693237868,0.0181648508724777,0.00967312184841995,0.00434204965992931,0.00489031114452173,0.00488068098271209,0.00317517440384152,0.000485499345012226,0.000384035044038431,0.000680021668972547,0.000585290784962981
0.000111921950086939,0.000717220533327423,0.0012108840076067,0.001718702044353,0.00465983639788549,0.00979671637837136,0.0279622518609674,0.0227974831742873,0.0329699126088992,0.0188868936381123,0.0197028323438089,0.0136843031547343,0.00515739266391742,0.00753825445604489,0.0137797859201059,0.0146829190091591,0.0094881890242807,0.00971631855247486,0.0149208750696887,0.0125680124322526,0.0244650289505456,0.032606652729482,0.0345000400782564,0.0179318287652028,0.00768588828859085,0.0163770940523851,0.0463402450801806,0.0749546137445856,0.0438268075498361,0.0381795908141006,0.006323771909097,0.0446363433256981,0.0588935156511517,0.0264809391293583,0.0682550661941487,0.10466408948157,0.159461075962515,0.124073163730156,0.0966906384274626,0.0978904601578634,0.0958162166979312,0.0855579027121781,0.0796595134062432,0.10184887941498,0.110453175153759,0.102971216456932,0.117816874557723,0.108630650253148,0.0758930625274981,0.0635738650522472,0.0275814561112964,0.0451596147702299,0.0787411623888716,0.109586821364958,0.149397808969713,0.138580644463586,0.114424857728149,0.0934021149177653,0.0806463346201895,0.0885505430144418,0.0734996387059429,0.0551341265595584,0.0497381299989696,0.0382156824771954,0.0184707272061407,0.0137747362221911,0.0167266957579526,0.00966918773304344,0.00739651000449336,0.00832118537242697,0.00190927853884988,0.00131625432424956,0.00205443061294208,0.00111607017730469,0.00228708475835091,0.00587262630764139,0.00530190360683679,0.0154683346435066,0.0374209847894343,0.0338741984893698,0.0385880930511507,0.0745910205870656,0.0729960377877806,0.0245113452853674,0.0069529047503878,0.0308414593316439,0.0196117367645014,0.0268963514374304,0.00849731297062076,0.00981571233039831,0.0127211943522877,0.0309634631512044,0.0339049807313171,0.015343931968793,0.0142032219687786,0.0319243381465302,0.0371671561792109,0.0296346669477735,0.00954473772273819,0.0193642770351171,0.0303602750816849,0.021772312897844,0.00880469584225263,0.0142599190934208,0.0371877994178907,0.0864754427649873,0.0787059480375546,0.0499277749718426,0.0604331189719787,0.0489726488992432,0.0222497965520599,0.0174249149044077,0.0203702663372345,0.0206072482913604,0.00949499566552023,0.00484309156137764,0.00782004437538399,0.00458964163043182,0.00420736345589699,0.00177054167958544
0.000822889208401908,0.00105927009659539,0.00152718954691356,0.0030102662540978,0.00146568892813604,0.00305904806476515,0.00588173664260635,0.0183088607130796,0.0227154304555918,0.0260211512392483,0.0370387752185005,0.0121705671439911,0.00341423459954538,0.00907467228564285,0.00413068754294595,0.0133559500691707,0.0152188632683865,0.0142340499792079,0.0220178853849502,0.165587493234418,0.0430777143933194,0.0317913079568029,0.286509474571111,0.447719068899681,0.414247699779115,0.450836145828507,0.373830575758736,0.469973052787959,0.394137014022792,0.126373684859641,0.0660231506777372,0.0313395593478876,0.0844170360123529,0.0152052954086343,0.0477296443790078,0.235561349728335,0.248672460408522,0.160928172443469,0.122139308097039,0.0673834653111387,0.0383140405998727,0.0357036958748523,0.0668916870628349,0.089223625985024,0.0666921873327264,0.092558448152318,0.0922464599097453,0.0490831914437155,0.0208478408169661,0.0409234048015193,0.0660209506696309,0.0748188644130433,0.0902553716071497,0.0335643396696343,0.0660133159975493,0.0618173272363225,0.144630837659784,0.0772458119985386,0.0382229872305447,0.0558743027091745,0.00981758977085047,0.01828975390079,0.0179011158940208,0.00334794298850542,0.00327388901405978,0.00552249531906716,0.0050518809569239,0.00418596736749926,0.0114576208194684,0.00559778792393198,0.00603477885399327,0.00366240858984481,0.00486957439146886,0.00536391470639249,0.00221622876210904,0.0058592688931451,0.0114555316686742,0.109141766326458,0.176778714759316,0.0708368579358531,0.183605156619568,0.153507316994928,0.101021178069993,0.0998993777144517,0.121402600200982,0.0603047814547408,0.036857528346761,0.0123360158092018,0.013159220718731,0.0464719988980225,0.00697499353417397,0.00577695059627873,0.00733189432988625,0.0175416641905227,0.030104761218256,0.00891240069471439,0.00864223892359238,0.00574422950979084,0.0234825475192604,0.0806192424425271,0.0328145968968422,0.00802819479107237,0.0720133827918225,0.0423020051899086,0.0210851650978641,0.0748785370475642,0.0579639526032532,0.0353823620493142,0.0223832982364286,0.0191487200772184,0.00957117029667037,0.00076398380356778,0.00128400661088626,0.00157438751887285,0.00181236635145301,0.000264574044334018,0.000812960020335068,0.00203667160343483,0.00123110932246949,0.000973150237295083
0.0023982120575012,0.00358204353919772,0.00445504965611268,0.00488546527851876,0.00540503830553361,0.0213149611469505,0.0445548460384583,0.084798958233179,0.123116025211194,0.0849427119704185,0.108001462480349,0.0599872058952126,0.015199363704661,0.0186147513661483,0.0159977570137929,0.0317603005588555,0.0261452691168223,0.0392854582011919,0.0137557899712493,0.330307407112515,0.607277020114396,0.480493292692708,1.0469176697177,1.38802410066571,1.11387466584007,0.783756594954565,0.660190935450055,0.30161575515924,0.433873121097786,0.152754165837219,0.276134353821201,0.0966368201857436,0.0902928029656705,0.166418352953568,0.1001385017691,0.401350702720108,0.615911837039491,0.728838110652217,0.806239808294113,0.644135877656082,0.483557386625308,0.113127671881859,0.474455856179401,0.745243241141281,0.583274128662281,0.312468921938215,0.516557025098205,0.447956961508026,0.202484562746216,0.395033579746527,0.468615621063705,0.213606518158399,0.279968466396646,0.229817002310655,0.728904354762633,0.264935247111023,0.26941928069675,0.602720453633377,0.121596036326717,0.0778092617302951,0.129305806715862,0.0666865295107193,0.0291906970199521,0.0737066799167112,0.0524768217066806,0.0499701670221969,0.0123112424226295,0.0273898067614564,0.0313130232555485,0.0149721969165477,0.00718850570004083,0.00350533714101707,0.0149408093390332,0.00679887234824288,0.00572800728288147,0.0037920237105839,0.0534893985657924,0.260695761924944,0.150316962888695,0.175127411613455,0.630339168164555,0.335221335953271,0.0757859937851226,0.151349444177185,0.0415285026612603,0.138848864859974,0.0592776109915761,0.135139067905395,0.075529377341391,0.0935412190914143,0.107447071098895,0.129671991980952,0.121903477548129,0.055037679088388,0.0484426134435359,0.102341653860664,0.0684815171888098,0.0563584006933752,0.0361826882227053,0.077264817535759,0.225978571882929,0.0397443805653099,0.162545191360676,0.0795431859528338,0.058745883520886,0.0616256098838449,0.0824433367855726,0.0485719588499915,0.0587268340620182,0.0250179593062198,0.014339292974841,0.0208599903546946,0.00955403509519097,0.00217388204807241,0.00420381179654495,0.00297121204131166,0.00496017813763617,0.000692781227453792,0.00672769113378456,0.00475120819162094
0.000127465637423766,0.000157186047015812,0.000236620077609848,0.000339531647095403,0.00105148854747127,0.00217968369228214,0.00564789190216612,0.00656033326339177,0.00397239611947198,0.00542802759638891,0.00298915225425221,0.00247657660863953,0.000568353356629083,0.00104414838645812,0.00187509330819525,0.000657021161788283,0.000298902932001371,0.00189426461355048,0.00816196662322552,0.0871502885659283,0.115735419719844,0.00867280565210904,0.155587493090249,0.0989587785768901,0.0914305140680766,0.146525820629679,0.221290520751379,0.182354127659997,0.0925227828051474,0.0169598412327957,0.0593807984712219,0.0231957030073957,0.00820575742991232,0.0120625429744022,0.00593720560124495,0.0632261567432943,0.123155307687183,0.11983466493083,0.107669488834427,0.0676370965150664,0.026790238089259,0.0277802963979922,0.0458774535092669,0.0318538345124939,0.0435028913076677,0.0130789503482725,0.0522028090563277,0.0157741433173376,0.0048016378812056,0.00985386539563123,0.00395004066466884,0.0255602696763927,0.0443567948902879,0.0522986998659649,0.0984122749719558,0.00988505374629945,0.0524767093535212,0.0651914181928326,0.0284772060443171,0.0253568947324111,0.00567411514011679,0.00722557367458131,0.00928941362594727,0.00346098102615388,0.0019138130875624,0.00201171654722638,0.00300562362552269,0.00393048204318167,0.00197767788630938,0.00179626989256468,0.00043156374383595,0.00229990079521811,0.000552626447994765,0.0018290496685251,0.00119509903380212,0.00413499138401349,0.00496686745006891,0.0951761485992044,0.168716670682939,0.0729167302040057,0.136181637497964,0.100732270463934,0.0345616394021087,0.0581393902664223,0.0146158711147495,0.0121738603294665,0.011825511606719,0.0393201158797391,0.0062694407471909,0.015872010936147,0.0317238719485954,0.0505894479705936,0.0235871791239588,0.0175980012084535,0.0285215672179565,0.018038901453354,0.0132116258093655,0.0151968085411086,0.00622591818086713,0.0326093989898275,0.018021773042694,0.00948822311139005,0.0163036791211017,0.00905617202952515,0.00310013436154875,0.0148093345530039,0.0156195315311834,0.0117314631762268,0.00728177047474217,0.00334955400951679,0.00580961872866808,0.000480281448310891,0.000639404889716249,0.000116003845734123,0.000368250602786997,0.000439641137064907,0.000219164134780615,9.48032509184872e-05,0.000224955202108517,0.000512027952779618
3.943242933698e-05,0.000264948957436566,4.94550381583224e-05,9.07783871088156e-05,5.71158687762175e-05,0.000186424176809937,7.490149597704e-05,0.000167322525187523,0.000146734102605131,0.000338915357654699,0.000133220522541006,0.000136949053452781,6.3153013782333e-05,5.21889714326562e-05,0.000132874301015359,5.26721436274985e-05,3.22287134822784e-05,2.90310950281961e-05,0.000307379863160085,0.000854670385402116,0.000638229119012633,0.000328089442380914,0.00167893280650554,0.000847809242056075,0.00432509228518928,0.00213147469792537,0.00323544663167768,0.00127041288480857,0.000853632815852207,0.000479115734070558,0.000625181713714553,0.000436667639554643,0.000207645004998521,8.27347715539883e-05,0.000206045036346796,0.00287257879565481,0.00709057803771058,0.00620433281724363,0.00338374060961461,0.00128500848283573,0.000550961619008948,0.000353148382178174,0.000496077532074033,0.00339433164618502,0.000739026084153276,0.00191575433435651,0.0035943375736988,0.00371707062930911,0.00472386824676824,0.0232451961338139,0.00253493353693249,0.00226141929515138,0.00310874486966453,0.00196680253723608,0.000830000691816314,0.000498119097523458,0.000671756561727437,0.000724103871380819,0.000803910536104934,0.000398716085171818,9.78837304598955e-05,0.00135481209541417,0.000336470200666518,0.000184338564893305,8.26343067310635e-05,5.92014695053204e-05,1.90488299849346e-05,5.46954994109049e-05,3.15674718140654e-05,3.03063208180973e-05,0.000311954269714825,5.2526331713563e-05,8.77646794756997e-06,1.37065548335335e-05,1.90686793849563e-05,2.77070002207231e-05,0.000145858084400113,0.00114146998103304,0.000866569633777278,0.000308894553927648,0.00767875946538008,0.00311930710972311,0.00263409073527619,0.000851349800021401,0.00162401262621841,0.00107606000711768,0.00106394136668373,0.00136644640114731,0.0022459617165639,0.00213401490879961,0.0083748984587334,0.000807885429688464,0.000963340087238543,0.000398499744113722,0.000907274768583544,0.000934206895925321,0.00167383139249089,0.000455303677549096,0.00037417812545612,0.000540186657791247,0.000438508150911099,0.000142180335689446,0.000375673522412471,0.000595408083091463,0.000501384564172043,0.000880251880976277,0.000186324814808672,0.000137166928180525,0.000238405297361202,0.00036594495224355,0.000182212052334432,6.50036208349034e-05,7.01116881919241e-05,3.72198798522336e-05,1.65700403542863e-05,1.76707859507778e-05,1.1764856608897e-05,7.67079730015757e-05,2.86782499441904e-05,5.87630066060894e-05
9.83818293583804e-06,6.69714035423492e-06,9.88757059011433e-06,7.53876754463867e-06,5.54013701428178e-06,1.32470491027901e-05,1.3093279358732e-05,1.2820867575179e-05,2.10798955910542e-05,2.37048650593173e-05,1.03054785773595e-05,3.54766990074928e-05,5.60634268683099e-06,3.45112956222744e-06,1.47001867989042e-06,4.09003591526808e-06,8.9251323297512e-06,2.16290525147812e-05,1.74607886223578e-05,0.00132241603985302,0.000574226674214401,0.000305942772424449,0.000363487759140728,0.00025144035202399,0.00147060611303945,0.00015086656388131,0.000306235925214875,0.000235386463850556,0.000174211785727316,0.000152481225922622,4.66847277387179e-05,1.70247419738062e-05,4.85448274867064e-05,4.82307536581106e-05,0.000420985621109374,0.000697046000749824,0.000727176738907498,0.000953234362494469,0.000964533020966421,0.00110582884161341,0.00562456140940379,0.000625921366065244,0.000570341889543598,0.00044081416223425,0.0036139902854357,0.00292392827162259,0.00791480287506011,0.00977494279424912,0.00219813467666179,0.00645940485483482,0.00518673455294268,0.000520945336361559,0.000767155371647893,0.000300864255797992,0.000435237271703291,0.000230551541710731,0.000147875814671255,7.61487927628271e-05,0.00100498608178642,0.000260675945168659,0.000108806425064381,7.54494179641793e-05,5.65761056433243e-05,1.33508162476575e-05,1.8199352259912e-05,1.95094493890255e-05,2.94490392393535e-05,9.80393183366231e-06,3.30090127905999e-05,5.57935506291201e-05,1.15814947902888e-05,1.87527560830033e-05,5.84524831950289e-06,3.82540317319876e-06,3.35077826637583e-05,1.40802089207877e-05,4.06941136893942e-05,3.2939722878345e-05,0.000221809306627073,0.000273837884229229,0.00034486291541542,0.000200746266496454,0.000801920307080168,0.000970258527898111,0.000550487314382089,0.000245272947929024,0.000236511174384314,0.000249849759416233,0.000333529439937227,0.00220401743832882,0.00117660318218203,0.000425915775030968,0.00183145631538475,0.00113081398958014,0.000500675004802255,0.00164525620247474,0.0014708690493293,0.00766846693445408,0.000247792410512883,0.0010042146322034,0.000254143894707718,0.00036267473548547,0.00012070127862019,0.000106320838288535,3.51476546346162e-05,0.000466178959396147,6.78038616397054e-05,6.10633082552047e-05,5.37723989632052e-05,9.81787325243883e-05,4.10943296395538e-05,2.36087828672028e-05,4.45993204942215e-05,1.65782843095526e-05,1.22901554175132e-05,7.82419710311443e-06,1.17571319108078e-05,8.70121251450502e-06,7.16217557288313e-06,2.49563235837213e-05
2.58367518518486e-06,1.0901810822013e-05,2.74704312612042e-05,7.38282917600289e-06,1.78412810008976e-05,1.55237498667764e-05,1.6692796261968e-05,9.53207388279839e-06,5.95492451493887e-05,4.26669519587375e-05,1.1993042782435e-05,7.4585338722552e-06,1.57888117138666e-05,1.91107633847974e-05,3.05316738013623e-06,6.39353570042525e-06,1.93638418370075e-05,2.88359773546435e-05,3.28100623382485e-05,0.000105250772059149,0.000246817417233712,0.000417681137782753,0.000324702223666664,0.000146027316420127,0.000270183135985926,0.000247056208364009,0.000107679097622891,0.000308685005228867,9.33464438613742e-05,0.000178549628136188,0.000118845085933537,7.28119206483584e-05,3.85428126498871e-05,6.4981480439479e-05,0.000144247247627038,0.000490106672777208,0.000222762371824681,0.000465423993551516,0.0001969997112485,0.000127093627590061,0.000170849281736197,0.000119799620684782,9.17486340726866e-05,0.000316913075175439,0.000394100847378155,0.00360312984730653,0.00286628178186656,0.000700994224149142,0.00103552912307678,0.000810584045092076,0.00147257947093597,0.0011841349261452,0.000440828751523177,0.000264526057528227,0.000185675867133545,0.000306523284691862,0.00054691556183235,0.00021547971272466,0.000117842947312118,0.000164596114062059,0.000121434532653459,9.84260754471509e-05,3.10005967139842e-05,4.41236983528862e-05,1.64903133655067e-05,2.76879264682823e-05,9.64977640602054e-06,1.54881119629212e-05,3.20187067881444e-05,2.81675452784897e-05,1.64725593325097e-05,3.28703345011601e-05,1.18777192186556e-05,5.70061053393499e-06,1.11708004486179e-05,1.08327784016106e-05,3.25573480767777e-05,8.50959939494182e-05,0.000113369497425347,7.35736567652022e-05,0.000315093915785362,0.000164972460606871,0.000677319478001831,0.000297771525681744,0.000442293177985505,0.000511426588970183,0.000275371036214023,0.000916819904408562,0.000685584657680833,0.00066461643367533,0.000378497376661372,0.000361823048386883,0.000276083987342724,0.000234614828733703,0.000308959376988693,0.00022034942135695,0.000202134315385659,0.00096072255538524,0.000144579759536394,6.61964672632881e-05,0.000123764966543795,0.000427228535609419,0.000122317180636667,9.67282889082793e-05,0.000136106877637461,0.00022247098903915,1.37486637870571e-05,1.31486520176349e-05,1.67252936383203e-05,6.30541555582831e-05,3.05095370671187e-05,1.47233230122936e-05,2.3034795937334e-05,7.34003426345683e-06,5.31268610989184e-06,1.18156784908919e-05,1.15379294017405e-05,6.5309969111717e-06,7.01240309295924e-06,1.06496881458055e-05
3.15369478592787e-06,1.35046378459734e-05,2.14720877745058e-05,6.01214866973617e-06,9.96825504694864e-06,2.66629455053757e-05,1.29059874044635e-05,3.09644896743345e-05,5.75329265452482e-05,3.3309779892233e-05,4.3987373133338e-05,2.17318097272874e-05,1.74307717255694e-05,1.75928698060183e-05,1.69127889889346e-05,5.05987094248474e-06,1.59275288601896e-05,1.73672872079454e-05,0.000129357421103244,0.000100503586037737,0.000225236429190032,0.000267332494609273,0.000266208006327387,0.000355809217663181,0.000797040404214903,0.000381839334824872,0.000486495753803619,0.0010891552292276,0.000478084203721846,0.000477405272813016,0.000121594079246624,7.80713758393812e-05,9.59666587818556e-05,7.68285167872052e-05,0.000152921288969176,0.000667964916413356,0.000132317790407943,0.000143511721254633,0.000139674423955193,0.00013462075474033,0.00023797140092543,0.000227305365551798,0.000261902991434331,0.000169738500545181,0.00123134382661296,0.00125152502546731,0.00185099898832242,0.000923321791099586,0.00134641242309962,0.000984849916093721,0.00112314121844294,0.000331112899784169,0.000409936077690236,0.000940687330746202,0.000457194319833621,0.000187468474338957,0.000656553392588648,0.000445580629247433,0.000133424256903696,0.000222854666333509,3.13159620818359e-05,7.57499297147252e-05,7.03856530746436e-05,4.21366229786024e-05,1.80052101501007e-05,1.86687020552191e-05,5.10232623111892e-06,1.43250669697016e-05,1.40203870735367e-05,8.89901269581508e-06,1.31613463908804e-05,9.08154066746289e-06,9.94165512793683e-06,9.38191362520281e-06,2.34525633730839e-05,1.31385599043885e-05,3.13184003364689e-05,0.000210239956917309,0.000181685757206041,0.000162218533436694,0.00019956659774212,0.000263105030028292,0.000172239443360121,0.00143256972501653,0.000270873693527798,0.000235882022634322,0.000157806198920175,0.000218635212864941,0.000787665977789829,0.000300009574650585,0.00123488407687105,0.000238117135768247,0.000104667531241512,0.00014784666073334,0.000216762579887066,0.00113372499544089,0.000125967064211122,0.000631965331645119,0.000434308558017197,0.000756336530111723,9.00361809276876e-05,0.000932634428705018,8.47336338914732e-05,3.00202970244074e-05,0.000139370827575103,4.13412009281844e-05,7.30792996263255e-05,5.0191495563162e-05,3.94936138593251e-05,0.000134401954773742,1.70846092181552e-05,4.15819705253144e-05,7.47663994113746e-06,1.75417228614093e-05,8.67369114456282e-06,1.28625879283618e-05,1.57745960729481e-05,1.1818087632106e-05,1.67256593615528e-05,3.85132805500803e-05
1.83184297341662e-05,3.22144167790787e-05,9.61263917099688e-06,1.41695566948332e-05,2.28033722066263e-05,7.88722917879365e-06,4.01972167230634e-05,1.29215224182252e-05,1.99454084468202e-05,5.64788404093277e-05,3.83076469963904e-05,2.15478669028108e-05,1.88156345801305e-05,3.38193016151607e-05,9.34212643293317e-06,1.27042326031678e-05,8.64339620502823e-06,2.1934206038058e-05,7.86180312507447e-05,0.000219557023504202,0.000175718607879214,0.000202119509630215,0.000151241319772578,0.000184602785605372,0.000508444901995894,0.000336260684194093,0.000358355624492965,0.000125954005090724,0.000293672194679576,6.37698482687469e-05,0.0001356104760569,9.63756494793039e-05,5.10712460146674e-05,3.53990742543335e-05,5.68142992638532e-05,0.000196117501370851,0.000152618534508453,0.000224661700455025,0.000151481626544154,0.000142386643556728,0.000207437070374876,8.58017663364076e-05,0.00011460009998678,6.67841804221766e-05,0.000166895702981301,0.000202949886126269,0.00285652840279766,0.00342251532198192,0.00094913414024795,0.00244911403391466,0.000295081679478148,0.00321651274332957,0.00227823591331446,0.00159378087279896,0.00055682611606076,0.000335944552304187,0.000405434557199795,0.000825324694017953,0.000724258409266725,0.000815295040290717,0.000135452584852169,0.000168772649734118,5.33131807118833e-05,7.75283566400338e-05,3.39380220495783e-05,3.01587094233941e-05,1.17037288555739e-05,2.75904842627226e-05,2.89116174498683e-05,1.87645221814305e-05,1.13949443201057e-05,5.24679247319391e-05,7.57774044100813e-06,9.76529448944217e-06,2.1304478882594e-05,1.65496400333048e-05,3.2238126262489e-05,0.000160966700117288,0.000259774449043648,0.00019247426008215,0.00040031673307706,0.00157491123794839,0.00184443943457792,0.00159414101122427,0.00127930171925583,0.000410484047309731,0.0010324054108731,0.00192803083405553,0.000341434622718029,0.000508186057193793,0.000665959690948614,0.000812694795562393,0.000828464046403352,0.000129578910261507,0.000674690639053893,0.000774242494689925,0.000419230607559647,0.000873092932671561,0.000704773817619911,0.000490643795856177,0.000562501394768412,0.000209453593034526,0.000182252731176643,0.000176554128242948,0.000112000137033415,0.000227887335911348,9.29540708552062e-05,3.97651347903239e-05,6.4618513830787e-05,2.39612054518833e-05,6.19186301697345e-05,2.82458968722773e-05,1.45206658266708e-05,6.71778705341874e-06,5.53741879718725e-06,1.73507300017938e-05,1.47232539415049e-05,1.87209651784769e-05,8.87770888939236e-06,0.000118434267730057
5.11358309232693e-06,1.3821763416338e-05,1.64353638141978e-05,5.76920527247113e-06,5.89726540230877e-06,2.0123325904545e-05,1.55166094321954e-05,2.06099356738565e-05,5.25064287993341e-05,8.95538182817036e-05,5.1323249863696e-05,4.04072675846576e-05,1.89075098790464e-05,2.83675284785466e-05,4.34166216260653e-05,1.418537887905e-05,7.0114079030408e-05,0.000114260530335463,2.84597690990237e-05,0.000276702766535181,0.00041639888965781,0.000691676783852143,0.000287741510538925,0.00111464840620262,0.000672090021758014,0.000174794053973139,0.000400008105265779,0.00179332328578097,0.000283004585787199,0.000300505824650995,8.72719337857343e-05,0.000160069588109881,0.000135059129066871,9.36312961523076e-05,9.64493530969955e-05,0.000155444183726135,0.000196081952317829,0.000226875587324642,0.000356639739936004,0.000307277023839604,0.000529157201508205,0.000480864865009627,0.000110035440129252,0.000133291207904079,0.000524893326996219,0.00162120239679711,0.00171512747550331,0.00339481934521703,0.000949888228539113,0.00207305084829373,0.00420850983161472,0.00112655444322937,0.00187709744647563,0.00669002718189837,0.00142177325946076,0.000681343872243105,0.00108235955704129,0.0012621037436943,0.000426350993334544,7.29109324944392e-05,0.000347901611365451,0.000221713402341247,0.000155685057308871,0.000133466870590993,4.32763955059517e-05,1.34328413768677e-05,6.52523494326702e-05,2.19909247198658e-05,7.39224862491021e-06,1.85554364930665e-05,5.75820378728247e-05,2.05769566660967e-05,8.92756182246186e-05,5.78400352835421e-05,6.88116836466977e-05,3.9929564882235e-05,2.84617996371811e-05,7.23828518654753e-05,7.02396825537e-05,0.000133300309850708,0.00146615776957499,0.00466885390320195,0.000740286018456731,0.00203124580441817,0.000389349257358614,0.000444738796915551,0.000938295588784352,0.000613008117882467,0.00130228638834447,0.00143154827073976,0.000225253237348895,0.00143444713734305,0.00114789402263708,0.00158322467599358,0.00125836012954371,0.00320220391363244,0.000310657319786828,0.00108657997902379,0.0013251788901251,0.00110855100252577,0.000127104255602497,0.000174950035587232,8.07669042879257e-05,0.000129281663855941,0.000186298137194947,6.45768905649958e-05,8.38848258496336e-05,0.000159887273548427,7.75204948749338e-05,0.000272536412370769,6.20861966277012e-05,4.91347500122321e-05,4.99115189917697e-05,1.96378236493265e-05,3.82576304697695e-05,1.6810060466243e-05,5.27275314345283e-05,0.000195705170742416,7.07462363828007e-05,3.42582449532099e-05
8.84536239513375e-06,9.35932157429281e-05,3.28247156228081e-05,1.39167045079846e-05,1.01301143742146e-05,2.15270534015945e-05,4.05160189171828e-05,1.35484426098779e-05,3.11588694235546e-05,0.000105054424889799,7.78569676079273e-05,0.00016538148558052,5.69726119398053e-05,2.06335749159976e-05,6.48859598815731e-05,5.28757209658479e-06,5.55354093070857e-05,0.0001982118127717,7.61772376953638e-05,0.000188594374152864,0.000304369091803688,0.00133013721615774,0.00194075425061709,0.000449364341911711,0.00199478773281123,0.00075716144600283,0.000526066001781612,0.00067819052071796,0.000316955353416655,0.00138888635907449,0.000157098774187365,0.000147851762933054,0.000228884915484822,0.000157723639785885,9.69433570910412e-05,0.000270897992048427,0.000232072283915245,0.000144630960660248,9.10215538981927e-05,0.000121006032219148,0.000218495111908519,0.000138985993271251,1.38106976543739e-05,8.55677695572226e-05,0.000252078490858101,0.000398188301244888,0.000388611210452993,0.000264163956731481,8.1437741086591e-05,0.00175181708000192,0.0016970082977123,0.00131986178231649,0.00247932505113536,0.00579927456030961,0.000778243350922375,0.000546464721743201,0.000333931327538185,0.00233115622069381,0.00104385953375283,0.000616675757908565,0.000350800309870052,0.000357853783714153,0.000279933875308014,0.000779476160974295,0.000105974712457234,5.77894916064066e-05,0.000243023502365891,0.000115181511217672,3.60526402905573e-05,3.61315199045332e-05,4.19594792427473e-05,2.32207898355675e-05,1.29042185347199e-05,3.36137923047371e-05,5.57368588918332e-05,1.94622768315712e-05,9.89783589245159e-05,1.56246516809145e-05,0.00015410550917085,0.000111778049672727,0.000414128284575125,0.000431153109384658,0.000445284524845289,0.000458228116242857,0.000393258594359077,0.00123890605341582,0.00111405089490608,0.000401538345492369,0.000170153808540364,0.00058508991661071,0.000682882776253103,0.000341804126429212,0.000403937044803753,0.000274232410146611,0.000274204501673722,0.000885011481736946,0.000348023171248634,0.000172112036693924,0.000166380790161403,0.000399055895764622,5.71796381212648e-05,3.94147750307107e-05,0.000169820812210261,0.000231737451304241,7.24433384204144e-05,0.000100012520749619,0.000149258053929532,3.10540501668847e-05,2.30783312709838e-05,7.83186979954903e-05,5.95695899194806e-05,7.6548901351026e-05,0.000105472564360966,6.40492327881163e-05,4.25529209687269e-05,2.1591976333987e-05,1.37549477696081e-05,6.72292425760883e-05,4.10583254797685e-05,4.19571842373241e-05
3.05324083604235e-05,1.50093819279092e-05,7.36576618406018e-05,3.87686957657789e-05,6.66108823419934e-06,1.93771385032129e-05,4.79462167270397e-05,3.6886465396773e-05,4.78391019346565e-05,0.000250913493983731,0.000380626940787445,0.000148547073018403,8.0399392511733e-05,7.38217732167954e-05,2.66276718670956e-05,6.44712093555675e-05,6.62572972155028e-06,4.72676649481515e-05,0.000110544998875224,0.000192887919419652,0.00025636440023335,0.000658064279352698,0.00150180421763398,0.00171607919053315,0.00332112802488024,0.00511624482926452,0.00404503805506769,0.00664245833000186,0.00205076961667761,0.00281513124180788,0.00358772548946705,0.00177248600680454,0.000415054201208571,0.000434177426141102,0.000147494432427913,0.000329345042111032,0.000139173064446425,0.000230811797582779,0.000127889252844728,0.0001309432248652,7.59913727735099e-05,0.000127387660146176,4.94982672303308e-05,5.67033600451779e-05,0.000411358133790831,0.00062637674284797,0.00107921122050492,0.00146937457684314,0.00157652532067316,0.0024603269401477,0.00362833654147681,0.00247102607822479,0.00477182275982624,0.00293140049157958,0.000925410723217988,0.00205149974158458,0.00342942877130906,0.00175844818041354,0.002366241723092,0.00126205528107254,0.000808820580387872,0.000184381893170387,0.000152527427227647,0.000779122899491163,0.000294591588273058,3.5145681765517e-05,4.9829711800454e-05,0.000198114877895599,3.56256555585101e-05,4.14293944231325e-05,0.000198332876544326,4.19151232101246e-05,3.13038811855529e-05,1.57653957523859e-05,2.14338883081157e-05,1.41550618880529e-05,1.80853301164391e-05,6.67606309523395e-05,0.00014542523707025,3.41195742044372e-05,0.00143480766205406,0.000994521274392018,0.000786765926099135,0.00109365793282742,0.0011460364121254,0.000810103869118801,0.00125688354083369,0.000168422121074576,0.000157329455814818,0.000787239924773153,0.000609158194816643,0.0012636602623053,0.000588066204609834,0.00152221892799612,0.000876941965512349,0.000761020080881118,0.000613638150665356,0.000608368625772658,0.000621149520329159,0.000538406210104239,0.000173926081324789,0.000226927341123682,0.000110811488005899,4.09056926416703e-05,0.000133398552515052,0.000156043653241658,8.0254407190573e-05,9.96527401372024e-06,0.000120137692017713,3.00972557947479e-05,5.13756354630152e-05,4.71716786063531e-05,2.24987971386358e-05,3.21467451167409e-05,4.47226477629505e-05,1.15044164782247e-05,3.49773118634676e-05,7.14529039065866e-06,1.28459870405783e-05,6.16520542623127e-05
4.92607689294716e-05,7.58682972944399e-06,1.12269334353212e-05,5.34448841806498e-05,2.56489896192414e-05,1.91906561983671e-05,0.000129914609423355,0.00015506776587096,4.58583351272942e-05,8.1223961067114e-05,7.79559427203286e-05,2.35346032513923e-05,5.49181286513199e-05,6.78951909974197e-05,1.86877137367018e-05,2.14793952357746e-05,2.82337110578829e-05,9.32029153887612e-05,9.11169256306895e-05,0.000668277258322937,0.000279259552100697,0.000842148252138486,0.000278832064072432,0.00152190461463225,0.002461802673408,0.000486252560300693,0.00133581277417213,0.00533612260571213,0.00129913163443518,0.0018166468589998,0.00147897891988088,0.000408959241088632,0.000997114905889482,0.000271199960452038,0.000239518512633045,9.15682569714666e-05,0.0005809753926261,4.65588496719384e-05,0.000122542518553479,3.99666978928134e-05,8.22469082708689e-05,1.9171403080632e-05,2.72296233043098e-05,0.000106006572832003,0.000153465782588153,0.00051719986621255,0.000406403185309786,0.000311916965213053,0.00179582614959161,0.00134964662415814,0.00673656593171831,0.00320622952753925,0.00198955058757972,0.00278780009748255,0.00242172282404254,0.000862630824924678,0.00290051438360705,0.00025105562952851,0.00109265871393426,0.000346696155449442,9.35714851988523e-05,0.000485384715720522,0.000626855057901041,0.000713693108551545,0.00038152222447869,0.000111311753172415,8.39492520228552e-05,0.000418224216880073,9.9650747390805e-05,6.33486637252427e-05,7.14669822440994e-05,4.48357386326949e-05,5.66067383886043e-05,9.75848235225899e-05,2.19470253574772e-05,2.0994876637941e-05,2.94490435330138e-05,1.17994646049433e-05,6.39193336718023e-05,0.000114591574740092,0.000669607269494299,0.00069145361979227,0.000333492348112355,0.00236411465761442,0.000803977958128846,0.000685430590253733,0.00044609335124826,0.000460342760325536,0.000712055303825831,0.000241113401262941,0.000856952794939742,0.00127589357003411,0.0014731879735465,0.000677464191130244,0.000909532767366735,0.00110349157801887,0.000588994797895214,0.000279049068016456,0.000293256830245254,0.00107775602124211,0.000113319638817809,0.000192804210497456,0.000121864630823431,0.000256822444710415,2.95549438130875e-05,6.59378171718391e-05,7.12368489345548e-05,0.000139014923735888,8.32860951580084e-05,2.8165436643206e-05,2.73816378891065e-05,2.1027794597686e-05,1.21008385456911e-05,1.27923115129792e-05,4.43486273634495e-05,3.2751490123266e-05,2.73332380761621e-05,2.32928456020764e-05,6.73421466890589e-05,2.84663378421297e-05
2.98828330189565e-05,2.39541686478373e-05,6.89859077718204e-05,3.2586794212384e-05,3.6923769947631e-05,0.00019587946010267,7.1201777049911e-05,0.000475033146502268,0.000196647135000436,0.000130511882590035,0.000111845823255963,0.000128383834547697,0.000193015851822411,7.64795388959789e-05,0.000130123024836715,1.69347539594542e-05,0.000145122218525256,4.04268046028625e-05,0.000249759076298786,0.000404517417326055,0.0019449115814278,0.000792008645282507,0.00297109590194131,0.00241598566838192,0.00226171999211514,0.0118762412039875,0.0017676518552369,0.000458794631192478,0.00155807351639418,0.000309881251063018,0.000232980453865015,0.000565532297462792,0.000873585864278052,0.000405973021750206,0.000133004493977525,0.00068423305176602,0.000165072030936242,0.000722108627961604,0.000180978827754625,0.000187057836190445,0.000116724163010032,5.94450849389611e-05,0.000114965111804604,0.000301734938958192,0.000667354598238813,0.000491047025687712,0.000684500272693016,0.000733264406522627,0.00285059135604541,0.00341706629515843,0.00620085918896644,0.00433726154925608,0.00638744257292991,0.0142347735055954,0.00579071581652403,0.00466861018013188,0.00374838905243389,0.00230485417645534,0.000433232246440858,0.00266917517325021,0.002309122631901,0.00512088605276244,0.00487081605773572,0.000869549910379368,0.00351304570960597,0.000304173919548692,0.00017714313472666,0.00145696680020449,9.38425951958726e-05,0.000100662820754887,0.000553625687436633,0.000151877126686419,0.000229124066765663,0.000168910254381943,7.22710150755305e-05,4.31061077808306e-05,7.18349875023304e-05,6.60298376174852e-05,0.00012222878407654,0.000173792790626536,0.000196760874984588,0.000241175241288081,0.000861268837860423,0.000893601384794273,0.000558661154086925,0.000332238120743639,0.00023775154280447,0.00049769948610706,0.000702201865145581,0.000630787494530208,0.000392640566701447,0.000736881086100046,0.00179479421272768,0.000636329608930839,0.000177264826655138,0.000757690817367989,0.000226701571872182,0.000435251680583367,0.000238055282489913,0.000215205475068124,0.000197835384294996,0.000100371805870219,9.14462177571824e-05,0.00011897659274011,7.48364535956193e-05,8.13604954276427e-05,8.66060018011836e-05,0.000202175482452313,0.000213869621681748,0.000166088190605399,0.000139013517212752,8.34889155423569e-05,7.63431754598217e-05,0.000105234871590519,3.75410896321035e-05,7.99042721497208e-05,6.44369315735853e-05,3.71325013214942e-05,6.38223656253064e-05,2.67360473210661e-05
4.93739771537406e-05,3.07857081777292e-05,3.4046846881546e-05,2.33285056573881e-05,4.85734744572934e-05,1.1393023203663e-05,0.000113549430145343,4.50261094518487e-05,5.42379424273148e-05,0.000152077982022451,0.000105061104967383,3.83475720807744e-05,7.86739421292686e-05,6.72429584470834e-05,3.41150544950839e-05,1.92319010927781e-05,4.59699717695077e-05,0.000118375300588231,0.000138079396015278,0.000315518423492545,0.00118897431572661,0.000677352391600755,0.00103023168292437,0.00366811719257702,0.000976148095166287,0.000282999345162504,0.00222654702457736,0.00210078695107077,0.00102630740659517,0.00150588687441737,0.000380151189511741,0.000396208583848538,0.000228608714619448,0.000386213954388691,5.65533072700703e-05,0.000796786019884422,0.000416809910080164,0.000166963457045109,0.000184423766670346,0.000149908133469608,0.000232310130229698,0.000238574872968669,9.98117340139982e-05,0.000414998248947382,0.000177086130140352,0.000533603956433376,0.0020011393608067,0.000733376521641603,0.00146685546144643,0.00161707165095867,0.00234340413464871,0.00203170898437993,0.00128791979482438,0.00363058103861324,0.00146094076995238,0.00180055176263038,0.00053644542447203,0.000594131080406859,0.000269200732301233,0.0014644830248734,0.000608590162776789,0.00307400930055325,0.00121562636796737,0.00196484600245852,0.00113918032207975,0.000375687952255032,0.000751727340415559,0.000344739978652769,0.000152872074927582,0.000122039959241739,0.000316607518575844,0.000172236601602504,0.000102004471473476,8.31612182021921e-05,4.12335591018414e-05,0.000190224186944123,7.3869494156122e-05,6.61705674879634e-05,0.000140564704928588,0.000199696550062389,0.000332994865394361,0.000431381820115088,0.000250238726156127,0.00044047897437499,0.000729716972558677,0.000450461081931564,0.000906396035972843,0.000537714718042675,0.00053261979169225,0.000108615638564278,0.000497863414958164,0.000254878498784851,0.000319839355479344,0.000428776818887617,0.000485908327198154,7.60611786611915e-05,0.000152406479210914,0.000270404804240136,0.000174484751605911,0.000165489594394096,0.000488839324402672,0.000293785643631924,0.000177050809391473,5.39407735041365e-05,0.000158450424747819,7.091762376594e-05,0.000117018399404038,0.000178290949959125,0.000163701847759207,9.35721747156006e-05,2.87267082333472e-05,7.02459441551756e-05,6.29725141788165e-05,0.00010379584509815,1.80874461582036e-05,5.52025176462729e-05,0.000160075674411576,1.22743359954527e-05,1.46457555516147e-05,5.53592882996274e-05
0.00011296965648399,3.07032625422015e-05,5.48287661042489e-05,0.000173170990021677,3.32988102117586e-05,4.98450367754864e-05,6.68870845875992e-05,2.96253895087448e-05,4.30188349154155e-05,7.44234174074719e-05,9.91179147855109e-05,4.57636296920553e-05,2.48339720461685e-05,2.28872844165801e-05,0.000163127348944564,0.000108045955684124,5.45936282728659e-05,0.000126788772353423,8.94228321851372e-05,0.000131865381949095,0.000738070455946146,0.00036073419317131,0.000857672793952016,0.00124231126914848,0.00288103744350272,0.00168594688297,0.000551936901553971,0.00103136945225197,0.000558923701195216,0.000384976249706489,0.000396225942990803,0.000316517291988381,0.000492911564186036,0.000413770364299818,0.000258229282865806,0.000153093131318187,0.000174501487614018,0.000170993249261722,0.000103013504383311,9.46604919112876e-05,0.000213068707003951,0.000134499614582416,9.53048148862437e-05,0.000146243602820262,0.000509846168563227,0.00021286992707001,0.000352321581257598,0.000576042824997002,0.00123471507120658,0.0074480549544286,0.00278784997712685,0.00437014758730277,0.00341594486853658,0.00111237056748031,0.00168707320471355,0.00111642356503058,0.00178419629850171,0.000876546255328494,0.000572032526093693,0.000467403042456604,0.00019538379805239,0.000968265594384448,0.000397004764210056,0.00119936556084323,0.00118053739062289,0.000647397006783348,0.000203979399744765,0.000518514572956644,0.000507487298171919,0.000783376915778601,0.00105517481458978,0.000948992928823023,0.000189047471448313,0.000206083854419281,6.98062559215575e-05,3.98985421335721e-05,8.03262208973498e-05,4.84105900318567e-05,9.60525117295828e-05,0.000380215359401935,0.000180344824776758,0.000192596485183049,0.000207637789384802,0.000492445162004523,0.000516826934235975,0.0003592808627548,0.000225588048596485,0.000211043611859067,0.000344936899995087,0.000343737084287607,0.000360246710179738,0.000202929467090674,0.000338499911870303,0.000355228979594202,0.000304087294741404,0.000535878698744279,0.000488252123627472,0.000449358976077008,0.00029803733053174,0.000585977568385637,0.000253474862946103,0.000167117417145887,0.000217385686113934,4.51917229456462e-05,7.06936970185093e-05,5.35667847253305e-05,5.01254042245056e-05,4.96945396146126e-05,4.64173049270538e-05,3.42451598423293e-05,6.55327328970606e-05,0.000111851718705149,0.000208844141649671,0.000161190273692747,9.05045351206191e-05,8.7079199650418e-05,8.23463635648398e-05,0.00013173012701365,8.91009271579802e-05,0.000151096903104109
7.79314039506595e-05,6.71090089205614e-05,0.000170764879315432,0.000107933873497333,0.000131317362191452,5.32425319697243e-05,0.00018423377601441,8.3726386538378e-05,3.34421921088982e-05,6.13760746136062e-05,0.000125221521557884,7.22494599011705e-05,4.20626682626506e-05,9.20438732459306e-05,6.27006855989623e-05,6.88533389828321e-05,0.000164404868130031,0.000120680518795303,4.81779628792214e-05,9.51134501557938e-05,0.000402959795459296,0.000150457537902932,0.000285741170609189,0.000447341335248277,0.000897514970112618,0.000627558155762695,0.000135132119097984,0.000146299556824544,0.000553163580714276,0.000360951718332615,0.00020046525881736,0.000131313597186239,9.56031646492223e-05,6.63925344225948e-05,0.00010134329178396,0.00030879130437887,0.00027499067815799,0.000122640978873161,0.000104032872545363,0.000112084360883895,0.000163592381000275,0.000116237957949595,0.000103180212012761,8.43751415846848e-05,0.000197761683373067,6.5523769803368e-05,0.00022321329787361,0.000305974783074581,0.00171509342555039,0.0018504529726737,0.00181702410218572,0.0045256304575146,0.000929859875356339,0.00145169742291904,0.00150543513711387,0.00045232719909986,0.000326522216418446,0.000646299080092181,0.000194088284260448,0.000574610104226435,0.000291328644306123,0.00194028810293393,0.000804602735222595,0.0016974325415415,0.00266026208984594,0.000593477070117634,0.00160727156381457,0.00105406115738051,0.00132687083571017,0.000316262076205676,0.00269860412832884,0.00118649228454694,0.00100717071651107,0.000661529950935937,0.000295790299902175,0.000418207416695704,7.37035206401762e-05,0.000248465111212814,0.000128965135273688,0.000327882247488372,8.42206316436155e-05,6.52814371885539e-05,0.000316482051379662,0.000129078023811775,0.000147510014472709,7.92129252070369e-05,0.00017845267143568,0.000207295498807202,0.000192263921849096,6.57633622655443e-05,0.000189037445030427,0.000101257892562745,0.000184277702346591,0.000145283374799575,0.000125262083288317,3.19758195646815e-05,0.000189797499472957,8.30873945952999e-05,0.000114178837314122,0.000120319545204784,4.11825518190945e-05,7.06723600538925e-05,2.40029369221475e-05,0.000177363761880542,5.97377424319602e-05,0.000100100899903785,0.000174367736765188,0.000137667036608396,0.000202713014309293,8.79803603007978e-05,0.000214445517716473,0.00011636603711208,3.25218531484071e-05,7.16865739445138e-05,0.000125565628291399,8.45481925687205e-05,0.000372607300265037,6.59258004381714e-05,8.71205581260466e-05,6.39501332747415e-05
0.000125038765743379,7.57547138052708e-05,5.98054694529624e-05,5.87974444287654e-05,0.000157855598193492,0.000100648684063826,4.70614790532881e-05,3.46369724870905e-05,0.000105229192839786,7.0031274330432e-05,4.22468576201854e-05,2.56307525821349e-05,6.71184236837093e-05,3.31118124742883e-05,8.24637888384218e-05,1.97540816058044e-05,0.000123850579544766,5.3542767636688e-05,5.93259350354235e-05,5.46415023457468e-05,0.000264441190467631,0.000138687194326221,0.000401841157831001,0.000264313692821134,0.000330301994049784,0.000210831717976537,0.000456126001089132,0.000368085614645675,0.000312931525557289,0.000195575344064266,3.43636889313413e-05,4.55758849181147e-05,7.53033274964526e-05,8.61619608165508e-05,0.000117153996971845,0.000182336209362389,0.000350015738868427,0.000209398897887185,0.000417290115070644,0.000110359858412682,0.000225748253598815,4.88815245721032e-05,0.000145098840036553,0.000716786551273715,0.00101377335285708,0.000406207144208113,0.000745935359353277,0.000928329723397198,0.00118713562878487,0.0020996054928636,0.00642873941706425,0.00494284630680961,0.00104431798671566,0.00178194429833622,0.00198675357043978,0.000587710782743802,0.000191086199628574,0.000946961647559896,0.000478933691660792,0.00108845037915946,0.000441057271208231,0.00113626935122407,0.00272071912729565,0.00265999052839248,0.00169415447370429,0.00105856517668731,0.00530122663881729,0.00821836286029127,0.00180854559071618,0.00222972171980179,0.007002995546733,0.00288503719612054,0.00339289338605252,0.000638690784210429,0.000667307332072026,0.000921252562719858,0.000888449807193842,9.13243376788888e-05,0.000641422792720311,0.000384410076836243,0.000177392150928732,9.34265807427413e-05,0.000295410470804648,9.32938860441181e-05,0.000181658180746273,3.986995006815e-05,0.000199918901476894,0.000195343994529896,3.00401268934951e-05,5.95089885352535e-05,0.0001357575548035,7.2663649680653e-05,0.000191480230249462,0.000136798721824893,0.000131858650622849,0.000131002059677641,0.00010411316009394,0.000126536661393821,0.000241687675964201,0.000163064620988772,2.73462070128671e-05,3.47032145745712e-05,6.90058769204557e-05,0.000119113278043912,5.94089806130857e-05,5.63001351791857e-05,0.00012532438780786,5.95696741507936e-05,3.55792597468601e-05,0.000120702318794301,6.7425435649629e-05,0.000108326508007801,5.65396001024344e-05,8.33883121642954e-05,4.56976615924025e-05,4.5915477478409e-05,0.000127054806960493,3.8286261417966e-05,4.71581898388099e-05,7.12268657223807e-05
7.6622296112979e-05,6.88799345836894e-05,3.12917422865612e-05,0.000127206698612315,7.04250979489817e-05,0.000110275351726542,5.77484629839676e-05,9.98813699649289e-05,2.60191927460286e-05,2.37218746353479e-05,1.94858097317329e-05,6.70766424508896e-05,3.7950580164477e-05,3.29245066976206e-05,4.40560044377865e-05,1.37880888916083e-05,1.69430588865819e-05,6.66196625400677e-05,8.20654957610522e-05,8.63584278500172e-05,8.55097621130371e-05,5.41872100050553e-05,0.000168428887951026,0.000101520482005426,0.000266429406652001,9.36344290529801e-05,6.27927685949869e-05,0.000167416420395506,0.000203036818691027,0.00015478530889785,4.13431917076133e-05,5.29253031526768e-05,1.46249438450272e-05,4.08559852933192e-05,5.2838595038959e-05,6.04820660516833e-05,0.000216181231497162,5.67566839481263e-05,7.00571450479722e-05,0.00021425039551403,0.000105901763227502,4.13992749802928e-05,0.000227541923237064,0.000487647728104695,0.000517169080665837,0.000154369455264579,0.000176361555145722,0.000652189098993834,0.000526065684061709,0.000537619849933228,0.00461110462788756,0.00160575237628815,0.000732471908803114,0.00211774299231438,0.000764157004740489,0.000214330187780793,0.000392730670435812,0.000222493585578823,0.000259003765428279,0.000490198067840945,0.00117688307445044,0.00161048847375801,0.00315158124188833,0.000939509684539893,0.00204453115291084,0.00163990061945836,0.00256017035952515,0.00232779797661944,0.000435497541406821,0.00223491252841299,0.00127317163628366,0.00199916028545243,0.000994643852833982,0.00208952519602939,0.000631250867655936,0.000732183563390898,0.000362709623741802,0.000315126488171362,0.000444863371368032,0.000265922432922543,0.000169435592610393,5.73577308367105e-05,0.000534690146856611,0.000489817528786173,0.000240554212146188,0.000265045115407022,0.000273264892910346,0.000361749193496848,0.000134483052668366,0.000400382588808393,7.89571666045874e-05,4.95738997726002e-05,0.000329333739145319,9.16052412476928e-05,0.000233090970444635,0.000267819006644402,0.000204535169403503,0.000266598758915824,0.000257314516075932,0.000190562099152244,8.04138661435295e-05,0.000149692516469202,0.000190496384201913,8.09042805614238e-05,0.000123421154145,6.20258657914736e-05,0.000146646784223143,2.25453301714212e-05,2.22659293694605e-05,4.01658367557161e-05,5.49260419711497e-05,0.000150450150354291,8.22078466093423e-05,2.65260525183326e-05,6.94421545088526e-05,7.95276600053281e-05,8.09554218286764e-05,3.89569105825117e-05,3.59367180416376e-05,0.000118353573927312
5.68487832572235e-05,6.35784715741926e-05,1.20120724523122e-05,6.4684927101737e-05,6.4458469392847e-05,5.04773740987148e-05,3.7929331849816e-05,8.83104114816986e-05,6.99789822772594e-05,2.64705257438105e-05,8.0762673600102e-05,6.53968243786832e-05,5.52661905467716e-05,4.19626930942318e-05,5.1276667217638e-05,1.55055022005308e-05,5.95940603835317e-05,4.29425492837824e-05,2.23764369602092e-05,5.39941194392541e-05,0.000166000522218657,9.92293505946172e-05,0.000362257630585398,0.000162964787217945,4.54650410117878e-05,0.000191433781587291,0.000384214925558084,0.000107543888134828,7.49289775741291e-05,7.60234582278708e-05,0.000209952348948421,4.12947737848086e-05,5.88521230580892e-05,2.75903365206011e-05,7.34934504718042e-05,9.94658180323619e-05,3.3555291823734e-05,5.3157145616214e-05,0.000127442037395731,5.71094754197353e-05,0.000181978108810821,5.12961538815469e-05,0.000166084117023885,7.14479639906319e-05,0.000233629890343318,8.34059318146645e-05,8.92160039923476e-05,0.00102118753757752,0.000991881933716612,0.000691271876424549,0.00655469377539481,0.0028599116528972,0.000853246219970297,0.000756607290117442,0.00145949959947936,0.000591637097639814,0.000887824830772948,0.000549655322684625,0.000411466219907118,0.00108969391076651,0.0003779166966403,0.00112038771894019,0.00310224789678072,0.00212731912428619,0.000814746655235291,0.00230834772993712,0.0039658225937515,0.0071335502691035,0.00461723124668273,0.00325277198232924,0.015542563321399,0.00297467747409371,0.00329371811654122,0.00334053819013649,0.00209047789958679,0.000466081381680694,0.000880977422146969,0.000547140935181562,0.000893414867389527,0.000879046686636715,0.000377406975672486,0.000589983392470566,0.00040466012508771,0.000278646557443596,0.000446725640140004,0.000892973402490754,0.000211845583985951,0.000131719652113777,0.000619951458951711,8.68029118912877e-05,0.000377999028153544,0.000138108515647393,0.000200875664490138,9.08237969571238e-05,8.17778635753246e-05,9.15706515404491e-05,0.000239094560440263,0.000154859173727079,4.57502746136505e-05,6.81795226879423e-05,0.000206106105940283,4.44079777442413e-05,5.18557038379536e-05,0.00017059436993938,3.06952418899845e-05,5.1677110648966e-05,2.3786899171125e-05,3.58124059810107e-05,8.27646917358333e-05,0.000117365148167256,5.8369804273591e-05,6.08056383356213e-05,4.86247957234412e-05,0.000100994393369807,3.72980319819396e-05,4.75445180520671e-05,8.05965877221343e-05,1.45638989954526e-05,1.64819735446696e-05,5.69162141546181e-05
2.21734828915608e-05,1.80433836852589e-05,3.79037462989754e-05,2.64290715362646e-05,9.7202846782541e-05,5.89152010878015e-05,2.27129025012136e-05,5.95823183224659e-05,1.10026984202255e-05,9.47320130379024e-05,5.70099711780145e-05,3.46121253502393e-05,4.64846972563368e-05,2.38343305514557e-05,3.81875267784284e-05,2.4369920115825e-05,9.04192980287507e-05,0.000129933611748454,0.000121356711235186,0.000128449570051077,9.59651893813387e-05,0.000138381944655714,0.000137592163092392,0.000467812795812428,0.000188983426748383,6.87086881985531e-05,0.000104976238939208,0.000195020405453584,0.000556583399121392,0.000205306203992755,9.23743531714036e-05,0.000107262317303165,7.73090090420003e-05,0.000105934164319936,4.77694675645499e-05,0.000354463058891945,5.52374247282431e-05,9.22990411935041e-05,0.000176207577346499,8.63423183044745e-05,0.000221764516984009,7.0359230406652e-05,0.00013399757666334,5.27025948059344e-05,0.000163848389989334,0.000303144492303828,0.000471680495922488,0.000832317254008742,0.00045927771129429,0.00303395850184314,0.00292268507137567,0.00243087250946675,0.00184246649087,0.00215135322346984,0.00184897787102364,0.000478084426615807,0.000499043314139729,0.00071259469432286,0.000179345693124249,0.000814298000789151,0.000597214294499791,0.000620070326314124,0.00178884488437993,0.00447331508312515,0.00210428909194425,0.006106624218984,0.00472814989416102,0.00409707493261926,0.00733511977154488,0.00234973915562253,0.00705117253073438,0.00332642922183654,0.00407622433387944,0.00315134767547083,0.00275689289050357,0.000775416815001456,0.000975924368798033,0.000628221546861438,0.000178703044766575,0.000696012751930931,0.00114338867840458,0.00025012113768418,0.000731870924785628,0.000600802665920626,0.000275555627627294,0.000470819649624955,0.000338645117250669,0.000225262231980486,0.000361466250786619,0.000551494364293077,9.21158854642372e-05,0.000147405877162463,0.000298497066691992,6.72447679263238e-05,0.00024739423369876,0.000158456706487153,0.000145115325049595,0.00020730411124104,0.000554406163125431,0.000260569025882894,0.000192233304611161,0.000175575383228763,0.000103260759987947,7.83919254735104e-05,0.000158647822099681,1.92002950722367e-05,0.00012480633426472,5.21472695728357e-05,5.58649484220525e-05,9.83122908618029e-05,7.59931753271493e-05,2.67957163947498e-05,4.86993278690804e-05,2.0548010917943e-05,6.83603709009195e-05,6.37997878950746e-05,8.60115577652145e-05,2.82883489262667e-05,0.000140426713803981,3.60579623416622e-05
3.14861167367783e-05,7.0192847046676e-05,3.09269494468069e-05,9.2616682694786e-05,2.52592664763472e-05,0.000140226489297215,4.69909021144639e-05,4.79850552105413e-05,2.66374877733289e-05,4.10830486380486e-05,4.25941555074378e-05,4.10073868890471e-05,4.06759783482374e-05,3.68580616876386e-05,3.1114690551581e-05,3.08730617712661e-05,9.4120245757722e-05,0.000124736779560163,6.25935172775691e-05,9.04995760590334e-05,9.76702093084929e-05,6.61202603718269e-05,0.000166985603929652,0.000370818055750811,0.000109696184502952,6.7005380996034e-05,3.71147617881434e-05,0.000173550903722299,8.82272561202015e-05,7.166625895749e-05,3.143953573325e-05,7.22875811542687e-05,0.000117384122253153,0.000163656924761122,8.30905224893466e-05,9.05056105774171e-05,0.000153298787070902,0.000171692290923659,9.43318351537526e-05,0.000171779914926996,0.000108865963303097,0.00016510318932881,0.000107004678145774,0.000122954417858367,8.79761781641135e-05,0.000101019582006418,0.000235939561272535,0.000391315013922367,0.000437853326010446,0.00459555447026233,0.00688956442411754,0.00039413881921397,0.00110737032510083,0.000721144625972168,0.000516866146855029,0.000367716498111054,0.00073264931995893,0.000214468474644382,0.000331505194089586,0.000668478048263189,0.000615998578754443,0.00117738817215476,0.00220520178438608,0.0047846381150561,0.0043938948131436,0.00402454201365589,0.00968633114911992,0.00439312646020495,0.0129585460916538,0.0111427255481758,0.00973417762099087,0.00409402427771463,0.00341118989645219,0.0025288046471642,0.00358989032956622,0.00158656953922426,0.0014010537444457,0.001485988299814,0.00072815829657311,0.000611006359450655,0.000496363289008818,5.20234594513978e-05,0.000488266058973405,0.000233890425683729,0.000338244991227228,0.000829315119563359,0.000177646298655679,0.000172844144246511,0.000181253091314047,0.000275577693128736,8.68000039758913e-05,7.83726322103586e-05,0.000201297586082986,0.000239233113611078,0.000102175020829111,0.000291588598996729,0.000193509834312468,0.000234694201803022,0.000269602510182341,0.000159200191018957,0.000112414442754215,0.000138048485581643,2.89569947674796e-05,3.61784777290619e-05,6.67404687233508e-05,0.000159558278956337,0.000105456867904362,2.50298506164423e-05,7.18166800813105e-05,7.4447982429963e-05,0.000161681833143997,7.97167705860279e-05,4.43725770153738e-05,2.3136102685855e-05,4.2723696838683e-05,5.09583090817531e-05,6.16143679575929e-05,3.490760026428e-05,4.58595846692008e-05,4.2869348704945e-05
6.63616776964722e-05,1.75833446582801e-05,3.84347871838502e-05,2.33761142157381e-05,7.43876475457979e-05,8.33583982911778e-05,5.31711966121731e-05,2.72980992358651e-05,5.39659401864871e-05,6.13233095663822e-05,6.06194726342092e-05,3.99360724219622e-05,3.19092669294438e-05,5.34919698962578e-05,2.83405458512613e-05,9.1617737726158e-05,3.19622287097977e-05,0.000130608222932494,7.36695130611952e-05,5.36695843307839e-05,8.72476483724063e-05,2.55901197639545e-05,0.000165722059498605,0.000158221073750876,8.76732895583812e-05,6.1113982350344e-05,7.05944977968855e-05,3.79553986785766e-05,0.000189069188853864,5.50572476840106e-05,7.89244552352048e-05,7.94251771610448e-05,9.64202160519953e-05,6.66723663820426e-05,9.83887632158312e-05,3.4369861046937e-05,0.000143939340450035,8.17552751349813e-05,0.000217811589708336,6.70547690004122e-05,3.93705119976933e-05,9.73983522054572e-05,0.000152388558467359,6.52393695355303e-05,0.000106411737186318,0.000171648692888659,0.000127539822064521,0.000181718602064097,0.000252492724458734,0.000165172162060806,0.0013725993775371,0.000440459704116194,0.000608544878757325,0.000461560162493802,0.000163661649964769,0.000194691469686474,0.000522286660086228,0.000376257289252962,0.000619988585037949,0.000473899295616096,0.000385783306534626,0.00232231200805955,0.000850417492332112,0.00166017716883983,0.00324485049214973,0.00758752955677465,0.00489377528963768,0.00449599380677995,0.005971772764235,0.00350622792670954,0.013635024002836,0.00935633224045938,0.00207892019396706,0.00291210626209785,0.00292830355173822,0.00106942749868517,0.00124161370807784,0.00041018698402828,0.000355906855521236,0.000285751555973179,0.000340922824833288,0.000313730322719276,0.000140863362919836,0.000104260074346781,0.000189708181557098,0.00020346783404327,7.81599926189396e-05,9.0033891399325e-05,0.000114351007553238,5.78111687731007e-05,0.000143527813103443,8.68015313479455e-05,0.000143465918267315,0.000129659360579364,0.000150258423826552,2.87324258821012e-05,0.000104388075321486,7.32006677280668e-05,0.000101461238317019,4.10870146693463e-05,6.21076683338359e-05,0.000104285139115842,3.53303367697819e-05,4.34360015944538e-05,9.08884592030692e-05,5.81344611137397e-05,8.50527284660722e-05,5.92481597060212e-05,6.94115084313793e-05,5.17788174379987e-05,3.48782959550325e-05,6.85906265870789e-05,6.01437945061952e-05,3.51669025011191e-05,3.47927513732425e-05,3.94195306101381e-05,6.04886812394463e-05,2.80139969396074e-05,2.68470777001426e-05,6.36045133245302e-05
3.40968776717607e-05,3.79585684624689e-05,9.96300693971288e-06,5.34787760916371e-05,0.000116630004859479,3.09205266590532e-05,6.28229857884945e-05,7.22745512344928e-05,1.37720475085386e-05,2.45819616005459e-05,2.65186021330448e-05,5.36715707271019e-05,2.77628828996023e-05,5.93657153055294e-06,4.98619986648771e-05,0.000105887268275034,4.04108627442536e-05,4.07122987397927e-05,2.84520806843142e-05,5.004007937546e-05,4.93881965629628e-05,6.83810692714402e-05,6.61449886917418e-05,4.59272747550965e-05,2.50139860187366e-05,2.64921038411829e-05,2.69543092964425e-05,3.47802369725876e-05,8.52802773940651e-05,8.42469851861406e-05,5.2300271809633e-05,4.64157022187805e-05,4.47154389207268e-05,5.11050372633439e-05,1.87658875457692e-05,1.98779408436792e-05,3.31953464240766e-05,9.00840998886772e-05,1.76910181005298e-05,4.14849302384386e-05,5.72757575644765e-05,2.25605703117016e-05,1.97205923698312e-05,5.11147719328697e-05,3.6576024700989e-05,6.160270022076e-05,6.60431970557885e-05,9.60057759761899e-05,3.83629939557947e-05,0.000115739157110502,0.000391872457609346,0.000118768217449091,0.000108036927898908,9.01723647810284e-05,0.000118255839259584,3.56381254310314e-05,7.09489050584721e-05,2.20636738406165e-05,0.000118795066206087,0.000367058085518845,0.000742450290134939,0.000635201818711864,0.000473533887057196,0.00408331581852332,0.00381527936118706,0.003056726901754,0.00566864659083849,0.00760259714938398,0.0100138635044461,0.00966311576322482,0.00302180844049336,0.00329587221278269,0.00113233237649359,0.00283941613313898,0.00551944965575708,0.00292967600848544,0.00268054564469473,0.00170993190202367,0.000498855644897405,0.00147584312571106,0.000529551844693561,0.0001478068726968,0.000418036038069941,0.000165746775545035,7.45686014566739e-05,3.3994109688395e-05,3.90246548189605e-05,7.28936220470674e-05,1.52851906951073e-05,4.7047750144932e-05,2.78110625656213e-05,7.72601666903684e-05,7.80420193068497e-05,1.47561713337256e-05,5.25104780356434e-05,4.52227825819084e-05,4.96161122430999e-05,4.61738809728286e-05,1.45425527993456e-05,1.82545578092024e-05,4.60341727558364e-05,2.11875062134963e-05,3.37882031811811e-05,2.18977337101759e-05,2.63444450024065e-05,4.80590831935037e-05,0.000148928055063582,2.74086335602313e-05,0.000191753442912297,0.00018120788227405,7.34350182517826e-05,5.08632677477512e-05,7.26323434933358e-05,6.17793086135073e-05,2.71548595974264e-05,4.33626119748938e-05,6.36834256874891e-05,6.69071182374752e-05,8.79111315510914e-05,2.41053820099097e-05
9.94896959276899e-05,6.39024729063622e-05,0.000329906693622988,8.42679779508929e-05,0.000448126720662022,0.00652444531929463,0.022353931766985,0.0172425805136521,0.0241370296562397,0.00876422412040717,0.0189255654370372,0.0107215670118883,0.0103092022195375,0.0055020119185818,0.00836255513167598,0.0067292494283025,0.00208489702886133,0.00138691284525036,0.00345861179090302,0.0180810679103078,0.0328797498969097,0.0406218431820734,0.0168962132050269,0.0154807490541912,0.0153418755066098,0.0141959671252015,0.0103322517260998,0.016548100637684,0.00598401131695559,0.00184236116419249,0.00151460940461204,0.00641389925187715,0.00406003049889306,0.00667900165128969,0.00883486770592491,0.015881160278637,0.009496254309139,0.0135304202874392,0.0110502437186,0.00675713965669218,0.00523446943098638,0.00643239974359323,0.00926686862782477,0.0153800081846163,0.0116980091587697,0.0138498775191375,0.0144610599398122,0.0108423242676156,0.00907447195768738,0.00763682617411916,0.00575588500049636,0.0106969579902109,0.00901361107527859,0.0123026624371688,0.00775928777161999,0.0210545337630329,0.0181578132194053,0.0124185946126828,0.00711478409245794,0.00764235079388593,0.0123975785630696,0.00596616497390817,0.00471043034263673,0.0012168592189671,0.00183927604376417,0.00183198093924701,0.00121270137218361,0.000649964513442298,0.00164496449799629,0.00045221715277894,0.000214680439957386,0.000483683554352005,0.000462772419956732,0.00016741616549539,0.00040357403216133,0.000860255163895556,0.0022273728438078,0.0102487168246703,0.0113104856196827,0.00810507420127514,0.005113866413776,0.00564158029166774,0.00315908364419871,0.00187982586558649,0.00557368012425375,0.0105888136719157,0.00932426399103828,0.00402535695821585,0.0037120725835978,0.00888541904614668,0.00562213590896656,0.00416702214215943,0.00604485640411537,0.0118046104996935,0.0106603715006389,0.00850910110622788,0.00643043300725818,0.0108477846709539,0.00540006418815824,0.00913992837799185,0.00547717577711106,0.000336064238492099,0.00294009498288233,0.000994614058565044,0.0129598073984242,0.02098825768777,0.0314261706344696,0.0189594452680393,0.0172622283399014,0.0171288484193311,0.0149660397323431,0.00609019874127385,0.00448148398412925,0.00419095692882591,0.00440334677538383,0.00254979268114289,0.000532728639662863,0.000286279080201048,0.000467584947187609,0.000513164328518973
0.000250031170756757,0.00123474987714701,0.0021218377751647,0.0036218195110621,0.00599698316754047,0.00517821524591544,0.0206589535919077,0.0211972226013537,0.0358801968148528,0.0327414767713037,0.0149134325541373,0.0195314369361962,0.023510670553862,0.0145130171704918,0.0150653062674737,0.0200401713698588,0.00328723379105858,0.0103185258957282,0.0150208769915852,0.0115527605234919,0.0222889368561004,0.0366894360322114,0.020938037975797,0.0435281730781856,0.0169627006444872,0.0561312398953059,0.0829889224238957,0.0952989442895838,0.0862247388184399,0.050338617778264,0.00487119767333804,0.0587378768528042,0.065125697079637,0.00917343874619886,0.0494408449480137,0.0638746297619469,0.133053183248638,0.137319239018038,0.111101952641004,0.109571415077383,0.102793745537338,0.0759179615356348,0.0710011721695036,0.0999950889621765,0.0891930292310587,0.0644664832965927,0.0843162008396115,0.0763299254801841,0.0366826569112071,0.0364577383781667,0.00462938247700212,0.0183183523980867,0.0455071527808434,0.0724564206045248,0.135565778398442,0.153559395142755,0.110172068016018,0.0772291568371439,0.0831897724580794,0.0732808211900592,0.0571272623226015,0.0386794509292897,0.04005430685937,0.0368699158597738,0.0161156887071107,0.0117076823724458,0.0151360745749237,0.00969448325502492,0.00352786584379679,0.00768473844769635,0.00156936457916416,0.00234786162376412,0.00365351444257606,0.00116925437105287,0.00256752118012119,0.0063617748771816,0.0027234300968735,0.0116245608480085,0.030385834338895,0.0455191373251144,0.0153801124765557,0.0635020998306935,0.0489694384148214,0.023537721166141,0.00660061292211083,0.0179875447311979,0.00576822170528925,0.0141744011948984,0.0287863651148997,0.0175552829007325,0.0198455263759304,0.0409771084514076,0.0371458956220227,0.0193184507794945,0.0116921847712362,0.0347899891087203,0.0339065971440761,0.029021436915829,0.0202003570974792,0.0230425310366471,0.0297536843978604,0.0273635386823792,0.00409754629235664,0.0221601846295679,0.0192837732965264,0.0552529402509213,0.0756774977780376,0.0305160073417483,0.0349754305536532,0.0384897622331984,0.0193488738746583,0.0168739486475301,0.0186969017012305,0.0157355473744602,0.00709755912669605,0.00581718960644265,0.00839105113312318,0.00252095207186291,0.00284288583332354,0.00453585595149576
0.000250509733745029,0.000243431097379905,0.000691241465801494,0.00182431887966368,0.000653813339753901,0.00123756456748468,0.00496461378837001,0.00735254413071314,0.00249805763156511,0.00590156000165767,0.0168086815184004,0.00645218139084967,0.00804012980830212,0.00377228693980301,0.000907408014733595,0.00506676420652971,0.00565135658780181,0.00571467771736321,0.00542279350664662,0.0372812649106039,0.0116111211384757,0.013447210289595,0.0729407378970381,0.12226891204488,0.101065895035398,0.0627370267389056,0.0494491520214876,0.0628957084416005,0.051953807283743,0.0166493924439745,0.0120571223617927,0.00977302416404081,0.0335874915743814,0.00548166846045971,0.00871978269416437,0.0470187679431063,0.0510221175901593,0.0483144659411985,0.049098425656663,0.032243811144913,0.0176008496538115,0.0237286763278661,0.026443287902318,0.0331233901379127,0.0206659918302838,0.0444775368853435,0.0720069920600725,0.0535423538973745,0.0123302188633115,0.0371176587557886,0.0178341337623431,0.0178930569238682,0.0406804966280713,0.0201954761131401,0.0247550685416433,0.0116471054367312,0.0353236611688114,0.026708552115347,0.0170348030968095,0.00812513026816337,0.00319152086613109,0.00395450234204005,0.00719995507640035,0.00216055305347513,0.00233732476399044,0.00368683312957298,0.00276971497488172,0.00105801068989298,0.0039540689966408,0.00183281559580223,0.00132122951664406,0.000920056467348991,0.000752046508643882,0.00066665813137076,0.000665863781464988,0.00233800331867632,0.00635406956523243,0.0357501500410926,0.03980306125586,0.0531513597488372,0.082504724631726,0.061554938613288,0.0481178928403475,0.038533527404542,0.0134881822159912,0.0147725108850325,0.00820954498764189,0.00887979249573874,0.00300254572545072,0.00624813457542845,0.0111615762863124,0.00523269274967164,0.00402169332332318,0.0149311599285591,0.0155796605551094,0.00499968765943449,0.00469493591039966,0.00670478887226971,0.0202769145708139,0.0311844840163487,0.0198586056208249,0.0044260096571329,0.013945918149745,0.00729795776821237,0.00919541177234972,0.0213988954119061,0.0124018737430629,0.00693422742272911,0.00584970905585213,0.00767719805956158,0.00181792120909043,0.00188250855794178,0.00146798004209664,0.00142226710687822,0.000269512086082981,0.000352568455341967,0.000499235266368794,0.0010532014530659,0.000370987572728602,0.000343560427659546
0.00147838085106246,0.00271421013751782,0.00248778876343678,0.00567161675509095,0.00702535264064889,0.0118489196999795,0.0161257191079926,0.0305234759246482,0.0504929496183418,0.0219943052340319,0.037447828411089,0.0196330737066982,0.0135532430913005,0.006843070037729,0.00294472775983756,0.0109432996122368,0.00820986513113126,0.017679957136002,0.013295500457125,0.227814009406371,0.682356415641125,0.344358313702791,0.749588482499629,0.679261659710267,0.695833627354953,0.547770885638388,0.505112723025219,0.304284608797245,0.251540576601041,0.0491738621922726,0.284928090322876,0.0820495003816957,0.0333838578071144,0.106696088104649,0.0406572086808732,0.240275954152896,0.570808145483489,0.782770390513584,0.805750335416662,0.716165226118324,0.478832137312563,0.204567064636067,0.461526456872524,0.519313083649879,0.465085508642971,0.177419257992104,0.356101411131758,0.213092227092298,0.0857831157540843,0.31882116853658,0.31791106287086,0.288325274888789,0.239746605401957,0.107907424348893,0.777108758378935,0.207596555325381,0.251975809253439,0.517437500494889,0.138452507690393,0.0609230778766606,0.0698690227544015,0.0909661252648663,0.0572521611684053,0.0648487014532676,0.0491528721443526,0.0422094370842606,0.00903060323129827,0.0271346215581796,0.0178477728299135,0.0183511400926118,0.00572115631665416,0.00594322532533971,0.007296418009492,0.00400015745535475,0.00699722084036958,0.0123714081485284,0.0284522115161235,0.353119206963225,0.419521912642025,0.0940222555892866,0.50491919011403,0.350526729025142,0.0838519123351025,0.225159062004719,0.0491977454220832,0.143265062298227,0.0841389311189654,0.137528657773709,0.0558628911109042,0.07949253135551,0.111518933126591,0.167138315237804,0.133296420156824,0.0623459046303709,0.0623336783556722,0.0884729096181813,0.0784182239406998,0.0575052592063604,0.0480956835977469,0.0630748708625943,0.161884386037662,0.0675994338381106,0.10865745187431,0.0386837249367524,0.0453655055457432,0.0329460108799122,0.0384805765508089,0.0298383058356257,0.0317754926203856,0.012381830347896,0.0107083589519393,0.011400838056892,0.00649920631496556,0.00139846377530472,0.00236115881880578,0.00366154285299625,0.00252638861195822,0.000548084349213236,0.00322991689667146,0.00274889331269708
0.000291112125843706,0.000776107438223137,0.000950683569802882,0.00134837443836279,0.00217525525000923,0.00345936698252622,0.00775576125029352,0.00452757010096662,0.00608302533209427,0.00561646079480037,0.00419995893116864,0.00368510250834506,0.00164336271520929,0.0010889407539254,0.00296019078940321,0.00113465616980204,0.000693550049657199,0.00429065112557847,0.0137791624348386,0.132417985518064,0.148720038661621,0.0240821274422989,0.322404596251932,0.232454756189609,0.414657485970074,0.41160710132187,0.529987970295758,0.423139524193186,0.200579766761564,0.0744127324328216,0.144709633796344,0.0541700388528291,0.0353309078726692,0.0146412044463195,0.0112955804979847,0.0836378178229712,0.15906851489538,0.208358983459231,0.175030759414699,0.173222996156331,0.120758489633182,0.162534843957548,0.171078691318423,0.0785132116066963,0.0817633326779618,0.0195524383191562,0.123272488886599,0.0923527051247476,0.0423317111011443,0.0491375030629504,0.0437176864279329,0.107818760571503,0.207820127763708,0.181442825651042,0.239375098364853,0.0198649188406969,0.174163578877622,0.187489154284258,0.0918447623375384,0.0633507919262241,0.0300546782969913,0.0445590620787362,0.0407181759209704,0.00613559490461772,0.00697968541358249,0.00926932712351146,0.00661858762562098,0.00571156256311095,0.00480789666153295,0.00323417249003463,0.00194672446981018,0.00427741972217257,0.00044774711972448,0.00232361875066386,0.00373415210932488,0.0114550867211573,0.00783558427337665,0.185181798191489,0.38100804492295,0.366248507927146,0.368064150981685,0.334147815218874,0.174135350295578,0.148101779802812,0.109406383784259,0.0492490506874777,0.0207164409156519,0.131679376765267,0.0145531019268642,0.0710404712236996,0.0733316747195027,0.093034247200619,0.0946416749165011,0.0818897493954966,0.0698233494716495,0.0364762053445231,0.0248992055284923,0.0507082949622175,0.0349835079849378,0.0571603861871131,0.0473193482438652,0.0450860272482961,0.0590186506340335,0.0168432439736759,0.012553679229067,0.0427563145611919,0.0352212442166378,0.0203622681565229,0.0200493032891822,0.00853672701388858,0.0134948837657062,0.0016438387439812,0.00375980916257127,0.000188313624746228,0.00113758033860508,0.000962256877360011,0.000984312399291221,0.000265058500517082,0.000519057091038105,0.000964823482772955
4.76302059717817e-05,0.000438226198044101,8.269376698177e-05,0.000152405123036217,0.000204536898146547,0.000389116864164207,0.000284588489583041,0.000668254934717998,0.000565229166423288,0.00069376088861002,0.000108588078984004,0.000250513056073446,4.76661251084857e-05,0.000133436471559624,0.000147335499207921,9.97036753718982e-05,8.40483830524567e-05,6.43671749118265e-05,0.000835802956130326,0.0015207155704864,0.000688854731236087,0.00143418067300542,0.00726859843776373,0.00177455274122497,0.00794966059944795,0.00373900470521713,0.00552364033752409,0.00456753009814483,0.00262299046139772,0.00117630641220248,0.000632797088849001,0.000951133070902231,0.000724461794003853,0.0002842029467441,0.000432008192214146,0.00509387150106962,0.00910876153630294,0.00953277477705928,0.00653361565044374,0.00213646988919832,0.000829654786561033,0.000868928944086051,0.00161260592939399,0.00684528926701059,0.0011373609139571,0.00247079689905079,0.00474957621856549,0.00526356118428215,0.00501232759041172,0.0355785400835796,0.0049820304781018,0.00532578790343491,0.00528101812108742,0.00422464953514636,0.00307461278629636,0.000807594804323833,0.00143065471921688,0.00206850761253805,0.00143078472778805,0.00313228066998282,0.000563491023680604,0.0024455021806961,0.00142637234659849,0.000346536337458847,0.000654090633111174,9.15618966433463e-05,0.000122955860308988,0.000100711624066198,9.14220484689346e-05,7.45194942404908e-05,0.000679761558591781,0.000196447020143619,3.72283032509976e-05,5.67988498736026e-05,4.35567434238014e-05,4.65632015656672e-05,0.000336536753730227,0.00280165812544451,0.00292010768781845,0.000855109567888763,0.0107650967163915,0.00469756158507106,0.00485491157753122,0.00181200623578635,0.00396819611321063,0.00205748084733274,0.00310708215584556,0.00277685760336074,0.00282696363376278,0.000922735113952889,0.0144767676451818,0.000881803502842614,0.00113878196341339,0.00169353162002278,0.00102352957841156,0.00117432605676628,0.000852060714336282,0.00104508625018825,0.000437707367389436,0.000656236999990234,0.000957589985471242,0.00029483538664655,0.000527226718459761,0.00129452930361786,0.000673627126779584,0.00105519297396655,0.000614941687563434,0.000285019894230857,0.000444125038905637,0.000551652528734829,0.000138551357499591,0.000101298022717661,8.72915800160127e-05,2.73808277019792e-05,1.44401537928825e-05,2.83564055701012e-05,1.84905503777542e-05,9.25518393316236e-05,5.10216254103752e-05,6.7114681339349e-05
2.1091646621224e-05,4.09135573500026e-06,8.9980486053059e-06,1.21517037689503e-05,1.47367993079016e-05,1.01626079395818e-05,2.01761166004606e-05,1.79314083378836e-05,4.99200984953569e-05,5.51819404247721e-05,3.22001419683602e-05,2.56187737846309e-05,1.30545917698597e-05,6.50038891835584e-06,6.0683884910576e-06,7.30008325809106e-06,4.19608943365811e-06,1.75966254964717e-05,6.19316389763462e-05,0.00194993631960687,0.000863714256307001,0.000233419881799229,0.000563677442987856,0.000245720912243149,0.00168845243338985,0.000239652535703601,0.000795910119086287,0.000874754566495443,0.000289668917619135,0.000107551988749102,7.07206644895735e-05,3.00510153116288e-05,4.20909898073965e-05,3.24838099190876e-05,0.000407471185098839,0.000490389413358414,0.000708386167304718,0.000845616991527142,0.000941587598886731,0.0013788519867999,0.00560286263699802,0.000396288085950621,0.000443278589393887,0.000312049570638221,0.0047563492390296,0.00267878686538457,0.0134482185116127,0.015166600275336,0.00431806847207959,0.00825963995778656,0.0056620110797544,0.000128511428050026,0.000529264455159786,0.000473916942792173,0.000615965632804674,0.000356082671716264,0.000288367070520481,0.000147771446976376,0.00109918967284381,0.000208119049573639,8.0540473385304e-05,7.79772584425819e-05,6.68675761527219e-05,1.63999621560701e-05,6.1569463504729e-06,1.74886380041824e-05,4.14528388598839e-05,1.17751875403609e-05,4.82597722859663e-05,8.79748661512998e-05,2.37335063281609e-05,2.56232026464649e-05,4.72154614833258e-06,1.00371556073641e-05,5.2542896890815e-05,2.16142534275198e-05,8.67487287050219e-05,9.11588747284941e-05,0.000210311830614545,0.000623592316583704,0.000203020926144784,0.000333430329926308,0.000498920490455194,0.000638097859242644,0.000900203781228421,0.000308812797403866,0.000193208317671421,0.000370389042302471,0.000713711402926824,0.00196257668701771,0.00112976662926277,0.000389876723608822,0.00189613154072366,0.00160081687208163,0.000453017667157198,0.00179738089616829,0.00136408110366474,0.00765812637552262,0.000230158535480178,0.00144313502283327,0.000654152079915548,0.000180503275451161,0.00012930487290067,0.000243590840635078,9.58843040082165e-05,0.000239332918832972,7.20888062891748e-05,5.90451371678753e-05,3.98110617187526e-05,6.7528550988312e-05,3.73557042123735e-05,1.29211181063718e-05,4.28107528521419e-05,2.13363926870035e-05,2.20832080612477e-05,8.10506556050204e-06,1.22817808292137e-05,1.8638651007364e-05,9.19102906652705e-06,2.67684060209638e-05
1.31142988218202e-06,1.22741200092636e-05,2.07970609042168e-05,8.18469890931578e-06,9.50411480053839e-06,5.94925401399753e-06,7.92199856657424e-06,8.90834994598173e-06,2.4128753666938e-05,1.57984615487364e-05,2.28388348882099e-05,5.77559036843396e-06,1.67559220262082e-05,7.70055158978356e-06,4.2789448324834e-06,6.62513143700358e-06,2.41802507126111e-05,1.8919791505083e-05,5.66822109407199e-05,3.81103133614953e-05,0.000126883981448863,0.000304544803783343,0.000573826462169768,0.000133894022678784,0.000157791724592239,0.000328314367675091,9.60050939050213e-05,0.00069315365689541,0.000211159746072283,0.000141198143761703,0.000106312514244705,8.17271249925665e-05,2.94273288277184e-05,6.87578317483288e-05,0.000133099341216506,0.000234254525902051,0.00022170700785779,0.000523645834626667,0.000163458147987402,0.000194904645848334,0.000212670805974879,0.000215472902716994,0.000113640050991069,0.000321529505160208,0.000437198630632956,0.00232522108072602,0.0030989285196238,0.00100748737236427,0.00113184952581888,0.00128078715610617,0.00188124027791928,0.0019052865795774,0.000309640072099028,0.000164462231442401,0.000210630766662119,0.000421214302842588,0.000406661244924556,0.000118806670227623,0.000112491428749867,0.000135320710729312,5.39401086283821e-05,0.000133939066711678,1.05516680961773e-05,5.37072370185362e-05,1.53359429139697e-05,8.81530826693358e-06,9.12226598786705e-06,4.28044899664051e-06,2.39218009389469e-05,2.54711931465605e-05,1.04897065709309e-05,2.53014740062045e-05,8.91922494746451e-06,5.56336927112331e-06,1.20183113745393e-05,1.45857345159088e-05,1.86508673210491e-05,4.63092445419815e-05,0.000135379772961812,4.93598026356836e-05,0.000201669503491398,0.000196763601796427,0.000219719053083096,0.000236351780654153,0.000615918599984838,0.000500463582509317,0.000612240897320273,0.000523486988191587,0.000324652537089789,0.00043371020748132,0.000414021409795691,0.000386675626885961,0.000144642777929139,0.000177669561087604,5.78690026085664e-05,0.00016705253578875,0.000226817973607516,0.000611012518109416,0.000161351241574588,0.000114463581850381,0.000142271583948014,0.000332842886661778,0.000100250041234792,4.57643639499843e-05,8.10254165073992e-05,0.000161950466573874,1.5739455992187e-05,1.07130001060025e-05,2.00929172465215e-05,7.74814474776044e-05,2.49665705205131e-05,5.81045592218953e-06,2.99666518888475e-05,4.76214680885102e-06,6.09343936853112e-06,7.56804970883382e-06,7.64484940080885e-06,4.4346700795126e-06,5.61541723956604e-06,8.66947134406485e-06
7.71238014746815e-06,1.12866200278706e-05,1.88889861753248e-05,4.79294538509392e-06,1.05202705360745e-05,1.31991914527886e-05,2.56041282147868e-05,2.25603183121658e-05,3.25882899924285e-05,1.66619325934544e-05,2.24997727539969e-05,1.70025984946267e-05,1.0493172845756e-05,2.33055687735393e-05,1.4261832427225e-05,1.09214180792759e-05,1.81925055026298e-05,7.13370049188704e-06,0.000111813491511957,7.78280118193368e-05,0.000110152739111213,0.00022915490726712,0.000182701400498212,0.000201964480912856,0.000510864042451813,0.000418309088736105,0.000532049317489319,0.00044926012560281,0.000204707915414663,0.000256678281493226,6.19514781959449e-05,0.000101253118709796,0.000139915127076015,2.27127242330756e-05,7.1586310355062e-05,0.000633993456260421,0.000103677449533522,6.28719370079406e-05,6.23815909284298e-05,9.28299356054684e-05,0.000267979264645957,0.000169957474155691,0.000134046817735598,0.000114014434271372,0.00105752467404314,0.00114067266839727,0.00198475602016077,0.000589230182424214,0.00153137213350069,0.000736296477997762,0.00078691668156399,0.0002319735211854,0.000259719212681249,0.000589710361441856,0.000398650312922719,0.000144598086273198,0.000468894434631433,0.000319513751536049,0.000131757944586312,0.000274536808767273,4.76550824118741e-05,4.52728318294454e-05,3.18175769639566e-05,2.61077788691986e-05,1.9003381307235e-05,1.09064044154241e-05,7.56468467756234e-06,1.28664577317967e-05,1.30763330725915e-05,9.57691197768626e-06,6.86192218735536e-06,1.60546484729835e-05,4.6424272121974e-06,2.08549904923415e-06,2.49416135626046e-05,1.23419022563988e-05,1.77227572099415e-05,4.79933093954917e-05,3.156641564246e-05,8.18561678301874e-05,0.000107256039791465,0.00020456959600897,0.00016597344581483,0.000852458744141465,0.000291907099894203,0.000213184472926281,0.000135971964555977,0.000259161336519447,0.00056553146468601,0.000149318339353643,0.00105584017022488,0.000418984625421811,0.000102068797428414,0.000186251985001624,0.000227819618387397,0.000752107311398248,0.000194776427609324,0.000484190410163143,0.00048717330964586,0.000779582333451701,4.86932816022804e-05,0.000872404320065949,8.30922975952897e-05,9.31017694760234e-05,0.000124458205694203,3.82629644546071e-05,5.5868860691823e-05,2.15312809753682e-05,3.17229170348329e-05,8.19000654458259e-05,1.51454713851706e-05,5.23395785924123e-05,5.51074784050806e-06,1.20443929018074e-05,4.22384493154621e-06,7.17526306852225e-06,6.51469246278017e-06,8.99500405135611e-06,1.08237611002015e-05,3.6641478290793e-05
1.6050213666026e-05,6.96731380781529e-06,8.65170742720731e-06,1.68345407972065e-05,2.12792043589781e-05,8.61021931332031e-06,1.89753625624127e-05,1.36512449524059e-05,2.56749556793745e-05,2.82216728414634e-05,2.99333398508964e-05,1.57724785944492e-05,2.09294134876079e-05,1.54165492644111e-05,1.00232240332985e-05,1.1417143287069e-05,6.44519944049798e-06,3.37548761839251e-05,5.69147075950061e-05,0.000277199050174735,0.000104084889399878,0.000261785000120564,0.000247886889746065,0.000190049419497497,0.000622171698758924,0.000309243337991343,0.000289223334988268,8.55377655053474e-05,0.000227494954946837,5.62911308173986e-05,0.000120722083107722,5.36889969720751e-05,7.13391274913346e-05,1.59358182268609e-05,7.22954171183165e-05,0.000189558319552657,0.000136689053971912,0.000106983271647967,0.000231469767624762,0.000196457493083541,0.000136121236633415,0.000136097679320846,9.18854405696456e-05,5.17804491963023e-05,0.000157376682796967,0.000167501121800458,0.00381476039961651,0.00304604952994771,0.000970007945890638,0.00166068112265498,0.00049964007406204,0.00268680343607004,0.00153969598917219,0.00102466107421553,0.000761811249596536,0.000278395108809238,0.000600110897011894,0.000710315569119111,0.000263252029242887,0.000557951385197967,8.86724749761536e-05,0.000157704868903452,5.07990769192424e-05,8.97479259289022e-05,4.58912066184648e-05,2.31284086879373e-05,3.14078104087414e-05,2.34831980145035e-05,2.4611991376983e-05,2.11227574346303e-05,2.3535632380342e-05,1.97175076044002e-05,3.93086365445836e-06,1.0415702822742e-05,2.18352864539128e-05,7.26991534449566e-06,4.28749101815006e-05,0.000222065454344769,0.00028471575450912,0.000174796303808923,0.000412674972937009,0.00159005499157708,0.00125210878763701,0.00143279754466488,0.000997910093695352,0.000233803683405487,0.000756405598782104,0.00099692421681233,0.000493512446840452,0.000413623732298577,0.000430268775320702,0.000530099850969946,0.00052182285894884,7.00165210289956e-05,0.000803236970907222,0.000246573780716841,0.000112863029399451,0.00085276291911051,0.000637190404879901,0.000157562215685172,0.000705023118950409,0.000322155688064512,8.94545053147627e-05,0.000164816466656817,6.17250880262636e-05,0.000145025056809531,0.000122188165159235,3.69531576051502e-05,3.48320733798355e-05,2.96737217910674e-05,4.31337766667842e-05,3.29972720303271e-05,1.5605072716575e-05,7.42343123934214e-06,5.99394962570198e-06,1.78174309176686e-05,2.03443529978941e-05,1.64094882486923e-05,6.07490163615474e-06,0.000116519072009699
3.22937275025958e-06,1.97065556867822e-05,1.13824421441127e-05,1.1194915486808e-05,5.14848167630416e-06,3.74353127439548e-05,1.95242289753087e-05,1.12800661154025e-05,5.72704849790849e-05,6.19792444291975e-05,3.41805135158108e-05,2.75792205044501e-05,2.72445925330953e-05,1.76824170236608e-05,4.04504846113018e-05,1.40617156241409e-05,5.58942347352041e-05,7.82217492214488e-05,1.33957131870121e-05,0.000159392634985237,0.000431087620020125,0.000398079895614838,7.75248581494364e-05,0.000996691744104183,0.000671778729453482,0.000249076645641811,0.00029474368522867,0.00150462028630465,0.000150133005942927,0.000286375923857769,9.20706947594713e-05,0.000185380687287125,6.42825867574467e-05,3.18427189839725e-05,6.51239604572167e-05,0.000143484730513798,9.27757490634918e-05,0.000232359060681261,0.000219756569280763,0.000227459534688899,0.00039290899896407,0.000334807322297925,7.39669418485261e-05,0.000207531543481959,0.000756526799232305,0.000583447614224152,0.00159571954235832,0.00244722843706028,0.000688909792100208,0.00409337039337928,0.00514639679401675,0.00212843136544809,0.0026727178798998,0.00710071759198713,0.000771279107127506,0.000318261433455065,0.000853297235562092,0.000594566364477603,0.000447667042505593,0.000111165715986558,0.000366468586970629,0.000182946563630035,0.000133425955377188,0.000326716730174425,8.96291404044246e-05,1.49383574003804e-05,4.26270377968421e-05,6.16502001908993e-05,2.07305498921745e-05,3.48354848875699e-05,1.61271477602366e-05,3.921873966132e-05,6.80395665334176e-05,4.05199339014347e-05,5.49614906353021e-05,4.37229125761065e-05,3.2460547540594e-05,6.11779527806401e-05,0.000200983977348254,0.000314345939367707,0.00159493135183699,0.00352102752810102,0.00184635653149629,0.0011027774839077,0.00105776157594893,0.000234704886101639,0.000905994183625752,0.000678448320296334,0.00112253177859654,0.00158104776493259,0.000444436643245524,0.000779570182984399,0.000591269181445809,0.000867403435102726,0.00154493361036589,0.00336800879099085,0.000327989166810212,0.00114118158310353,0.00109406064055849,0.00172706619299221,0.00017005137237927,7.07464348116866e-05,0.000171097601006905,0.000121850097775652,7.8210549380533e-05,8.64023026423338e-05,0.00011603482522568,0.000375064302467084,0.000107239715093397,0.000444391022922556,5.75736099912947e-05,0.000124978140184309,2.39759782787827e-05,3.04697336698002e-05,2.41099721959035e-05,4.75531837367991e-05,4.28310771471855e-05,0.00017185168587358,4.77636068593221e-05,1.99218923999844e-05
7.96589119573288e-06,6.93649185067216e-05,1.82737928968353e-05,6.70586322128867e-06,4.26778807832361e-06,6.67721896173596e-06,2.34273480910712e-05,2.60058230658529e-05,3.85457152421252e-05,8.91071603390622e-05,9.47521905121774e-05,0.000120165261036935,5.20784682545857e-05,3.86607368744327e-05,4.69308208812621e-05,4.41836345830645e-06,4.82527744450354e-05,0.00014594630540892,0.000107347704228902,5.9688872499494e-05,0.000173318928240678,0.000937021093090622,0.00180471119529103,0.000365391059402087,0.0010171840221044,0.000737663018882256,0.000804012680648362,0.00141678555882107,0.000959246660378249,0.00107403847930454,0.000196584847762576,0.000144795387292662,9.23334959229036e-05,0.000208479980403705,0.000152236419752318,0.000330167273614063,0.000317950909208662,0.000176098868778119,7.62500142764019e-05,0.00020029931138779,0.00022758149123937,0.000170554743448931,4.77033859421424e-05,6.12293565998359e-05,0.000163594728676241,0.000728156042966567,0.000568119194226939,0.000291614068411915,5.57914655498626e-05,0.00143441712246702,0.00118805570529027,0.00172823121449116,0.0016639995263909,0.00520343238325699,0.000743652056395406,0.00104116512543742,0.000373809355566308,0.00136259774817404,0.00073796024525836,0.000496607774954852,0.000596940575707146,0.000214335701568933,0.000431290318049186,0.000531829876488531,0.000206656614601884,9.12168295293743e-05,8.75112312434345e-05,3.36108342459013e-05,2.56603900048642e-05,3.23253857124584e-05,2.25494979359281e-05,2.50593001427956e-05,8.1996966390944e-06,2.46065864820638e-05,4.50406816052747e-05,1.85187641280101e-05,7.22972462440177e-05,1.24314499493947e-05,0.000140934939511848,1.47843114350197e-05,0.000113503671778143,0.000463834757995661,0.000259287454694708,0.00042013840350944,0.000691067799796713,0.000979303399313214,0.00105705005822729,0.000423994372870082,0.000341787147514269,0.0003500503123187,0.000476829020091591,0.000371196046039586,0.000179016189561549,0.000230395689830407,0.000238116913516955,0.000538758753405239,0.000215170415603269,0.000139943184625132,0.000182137103674578,0.000364142958950446,0.000199850253912176,9.46154715692326e-05,0.00016417802455026,0.000181596650147031,4.78275323630146e-05,0.00010536413002061,0.000167539560871567,4.17717989158116e-05,3.08271992609728e-05,6.45507566042316e-05,5.02951738957518e-05,0.000129543983610059,9.76436084164799e-05,6.60503084786254e-05,4.11123664842294e-05,1.69084760502289e-05,9.64159727438986e-06,6.41465986647135e-05,3.82334707768293e-05,4.53773669101452e-05
2.60827970862396e-05,1.5966668477367e-05,4.46824382958817e-05,3.4695489770114e-05,3.85902585906739e-06,1.58412426858007e-05,3.65945013419684e-05,3.62801078141843e-05,3.57519170089697e-05,0.000177146781283078,0.000270548746506395,9.25419231019996e-05,8.84930155182409e-05,4.90354464718098e-05,2.95212282381737e-05,5.93871680274775e-05,1.30085919625433e-05,3.55051891338505e-05,6.64550515931193e-05,0.000358381080993379,0.000368773498777623,0.000812898940582035,0.00132270884478775,0.00142376711340465,0.00211144538926895,0.00488252664822468,0.00485412796899747,0.00396622393984074,0.00338502947889694,0.00223333469335194,0.00221765320473498,0.00153765864484309,0.000265102363337795,0.000442557291109646,0.000234778891612105,0.000187162424648368,4.82979558197303e-05,0.000208830806848669,0.0001615116152844,6.61914071649424e-05,4.27075778777029e-05,5.93601677609267e-05,4.1037773633661e-05,6.1769147089263e-05,0.000292669012425797,0.00101522729936166,0.00142238370588279,0.00109337257222834,0.000605426527230506,0.00151709457886931,0.00316107142126611,0.00221439677793794,0.00285179631683324,0.0036876212031772,0.00136190422381736,0.000945023241883624,0.00193703057857988,0.0012342538711359,0.00169607638661382,0.00112582710697353,0.000528970485020076,0.000366593003345967,0.000185614367109072,0.000378917462345158,0.00010724160489554,4.13471032240617e-05,8.89383014916972e-05,0.000145905918536994,4.79007677051004e-05,4.27217953744263e-05,0.000122435953110845,3.91824622692542e-05,2.06914662203214e-05,2.25137818920192e-05,3.6662098990817e-05,1.8773425868548e-05,2.85803566394803e-05,6.29555609474494e-05,0.000169034302543709,3.53511955663076e-05,0.000987588992941316,0.000485658530092289,0.000764145375209341,0.000574985237709656,0.000800592859207887,0.000612004214535166,0.00114284999306688,0.000661324214739146,0.000364983000994408,0.000849556132359496,0.000378153379334466,0.000373018844906485,0.000430172338150554,0.000852473304952784,0.000314016746083181,0.000989660113211563,0.000460160010368563,0.000462076447106662,0.00021477548078815,0.000380025374284557,0.000138820606352815,0.000118601832780504,9.43859974181045e-05,2.56070945336001e-05,8.04578470891288e-05,6.28158353424411e-05,5.6157537740351e-05,3.2973154621545e-05,6.90357809774007e-05,1.34886322451428e-05,3.93841195624986e-05,3.16995603754972e-05,2.4484768273994e-05,1.86375735732875e-05,3.81355410591472e-05,6.92339411767963e-06,1.76698432614662e-05,1.49012962461925e-05,8.24187079058787e-06,5.19536386117649e-05
5.08941172440602e-05,9.74474430433954e-06,3.50061731005816e-05,3.37170084996808e-05,5.95968351915495e-06,1.30566570018399e-05,7.87045531551342e-05,0.000125847949449926,1.49360467603698e-05,0.000109036178364119,6.5661786459199e-05,3.14093786151382e-05,5.44424344734041e-05,6.37031328785091e-05,1.06829318002147e-05,3.39251651717337e-05,3.50511944059623e-05,3.28074561350088e-05,0.000133132552781879,0.000379663941001637,0.000275197442970561,0.00136340525895361,0.000597324085513947,0.002255820750602,0.00102532688269608,0.00132721771083296,0.000769655323014125,0.00216561343053938,0.00113873010873595,0.00183776583235655,0.000828428623556247,0.000297858985347087,0.000825143218831502,0.000185190307071189,9.71973034804473e-05,7.71534193961666e-05,0.000373378133002025,4.17271853942323e-05,0.000145403409157951,2.71584203020837e-05,5.5660798538365e-05,1.39351310312447e-05,3.65688514664703e-05,0.000143332336558796,0.000166858281860801,0.000459470737148422,0.000753294017410699,0.000473090894171385,0.00181267787550047,0.00146424152966605,0.00610691742425385,0.0034139816530799,0.00225535306833778,0.00391745324412464,0.0020232538524917,0.000870300097510743,0.00308172417516449,0.000170121743252914,0.0016147294867416,0.000413582152763574,8.394240194157e-05,0.000665177096386518,0.000407029638640837,0.00113202484544814,0.000397691746753921,8.74799143383387e-05,4.22274787668436e-05,0.0002698548936714,8.55731365200068e-05,3.25077080142936e-05,7.06545714565836e-05,2.23142719756564e-05,4.79442874502708e-05,7.38216810836197e-05,1.93518226708904e-05,1.05144972789221e-05,2.99511715221322e-05,1.09279345971814e-05,5.92474912014938e-05,8.95906393775982e-05,0.000402408465078037,0.000276481934389677,0.000358970648304894,0.00172395239062869,0.000719312452459072,0.000286322389510254,0.000581246729528411,0.000906155222703175,0.000642550028639614,0.000445092210507755,0.000746516243845277,0.00117965476878576,0.00101665997533593,0.000373498776127118,0.000899015049099419,0.000671465486935457,0.000600694998709414,0.000418374583350521,0.000169315077076712,0.0010564697421174,0.000250562595506914,8.90740168286961e-05,0.000155564120735728,0.000234101404680386,5.61958310551388e-05,8.27821677768845e-05,0.000118999009834113,0.000119779279127023,4.48366565568794e-05,3.00012987457432e-05,4.33688987507348e-05,3.29370192499142e-05,1.61874884541527e-05,1.95935415466631e-05,3.20579755764952e-05,4.15813883067017e-05,2.29388714916318e-05,1.78190730952919e-05,2.82555008700862e-05,5.24500744804421e-05
2.88240015933259e-05,3.48998677013245e-05,6.27638023794587e-05,3.16080947111712e-05,2.31279872093396e-05,0.000137293872308945,3.81252060694241e-05,0.000443511023154169,8.74102028129616e-05,4.07814859788454e-05,7.81238480057577e-05,8.38634340479742e-05,0.000125547084703071,7.01057794718759e-05,0.000122797964979271,1.45262238582987e-05,0.000110858614441873,4.73903344913119e-05,0.000173033500802111,0.000201495992657911,0.00191944265261972,0.00258359143256671,0.00157273978934581,0.00192777760055982,0.00350576325275755,0.0103678770887959,0.00272937313457073,0.00103011343893479,0.00350866004278641,0.000563318670158893,0.000278010074621438,0.000497569501126169,0.00106063953694298,0.000583148029435717,0.000177550213517657,0.000855364118997328,0.000167044469241621,0.000829937508444031,0.000188414988034442,0.000199711097553619,0.000106845674779155,2.17415310764708e-05,0.000136076400673182,0.000320200682409349,0.000784794601219797,0.000897036744414493,0.000410788990917406,0.000900040510826106,0.00478641720462168,0.00559451565693687,0.00610509090658413,0.00557661033423014,0.00350276525717454,0.00446996200944637,0.00420683194781478,0.00524242129244005,0.00199992586484909,0.00208946659999095,0.000391950535959499,0.000940089091845317,0.00151633703304776,0.00395708513580335,0.00422584418877028,0.00325554664681669,0.00246006204959352,0.000553520083729576,0.000230668259851618,0.00154807178396365,0.00010417926074541,9.45586073555279e-05,0.000480956172622193,0.00012211133160917,0.000303241705020784,0.00012744723674425,0.000100806850892742,2.81063026515281e-05,3.99315063254805e-05,5.19400939582674e-05,7.58340430679622e-05,0.000175595657841861,0.000393537211273772,0.000361270961059667,0.000937881096160722,0.0010699461969363,0.000837685101195612,0.000363554360913462,0.000183923106074872,0.000516352765734135,0.00068417391575789,0.000354494214936167,0.000635408196932931,0.000953760679345301,0.00154102407079015,0.000293499647737913,0.000570233539009672,0.00126014619378885,0.000260287246471058,0.00107302223919664,0.000519247153750287,0.000151072727189803,0.000252175887732205,4.27273724910571e-05,9.56997158089371e-05,5.59799100580602e-05,6.24030200611885e-05,6.22629605956995e-05,9.97392067873285e-05,0.000140268778045006,0.000300225897983781,0.000103961889418414,0.000136853289871724,0.000145937121669896,3.59981514229617e-05,7.98730764529595e-05,2.30826224319462e-05,4.63240988672532e-05,2.75944396645823e-05,6.20030291150512e-05,4.77117026357941e-05,5.37810374466695e-06
5.76977544523957e-05,9.26448865150171e-06,5.12446070573803e-05,2.86457805543038e-05,7.96290456102403e-05,2.12481290029788e-05,7.67429686128127e-05,0.00011499849312149,6.6780943462015e-05,0.00011707744733868,0.000109860626505087,1.19059580330872e-05,3.44434328334418e-05,6.98388758736386e-05,6.34237401165943e-05,1.98385520421395e-05,2.5259619354033e-05,7.37197008962274e-05,9.66366155325225e-05,6.84623649894961e-05,0.00133935678010988,0.000962652639455071,0.00185473343331509,0.0012427647212102,0.00137606475136268,0.00042477382337549,0.000733377825594411,0.000993660341218966,0.001501227913684,0.001136534804009,0.000502115631388956,0.000439770967476426,7.88568939327544e-05,0.000408231407511632,0.000139454817922948,0.00029740252748239,0.000187555785000944,0.000114373298566408,0.000118322055900193,0.000106705627171444,0.000162352721983348,0.000107602052214183,9.22202105516848e-05,0.000244972654562438,0.000194198156156781,0.000629661541080012,0.00152994749123382,0.000278020897360089,0.00114279011040557,0.000580859160092824,0.00170997019022062,0.000957269511464004,0.00196759038455663,0.00376401630112026,0.000568299230827516,0.00172293904245943,0.000691833176463499,0.000344881227885255,0.000244713373384173,0.00126655231016826,0.00117965591970251,0.00254426384907535,0.00107581177265389,0.00234694775419209,0.000727728069928124,0.000231482870399523,0.000578101861418561,0.000163600310825327,0.000172157162964852,7.08370023396051e-05,0.000292059817069468,0.000116533591443148,0.000138301148522705,7.07655337926292e-05,6.13930446767785e-05,0.000145090382953814,6.38304937462154e-05,4.00851507053696e-05,0.000119442240850892,0.000207260237538025,0.000308564801873583,0.000355504117861789,0.000281074967811376,0.000296623406274916,0.000472954611506331,0.000565183090514388,0.000444932521076986,0.000290514486467106,0.00052884105190252,0.000205550550005983,0.000183395710933643,0.000338796437432933,0.000254850551625971,0.000179326240265455,0.000220539531703404,0.00015567928282019,0.000116696780941614,0.000169409152801268,4.45398071047486e-05,0.000223916091302428,0.000281163188301533,0.000134332968337036,0.000131591272289968,4.24103711583358e-05,0.000119922384940836,4.43238727734873e-05,0.000141514289822628,0.000143565550289432,5.70692338751019e-05,0.000127329921164194,3.21070486061631e-05,5.03188346640752e-05,8.09507066585374e-05,0.000105324843195479,2.18516167109697e-05,4.88408373776006e-05,8.81328920903267e-05,1.69706967382365e-05,1.92557506812512e-05,0.000105702312334872
8.59108641603369e-05,8.82958638746706e-06,4.9181683964966e-05,9.85736628759992e-05,5.66706727226944e-05,2.54258635171887e-05,6.06888242377338e-05,5.02239880869517e-05,3.11508517861113e-05,9.63440516117486e-05,8.01734942529974e-05,6.19255576135843e-05,4.1138495103165e-05,2.13334193388207e-05,0.000143762456560953,8.3764115253331e-05,4.99928121598648e-05,9.30974639808715e-05,5.43781032060404e-05,6.43826551076119e-05,0.000860046539903824,0.000267773541954648,0.00037607409367879,0.000568713299213651,0.0014959051670401,0.00107396588510216,0.000655521505982703,0.000756837729360791,0.000207525591230066,0.000218092063634788,0.000140486123876859,0.000135738188071274,0.000358147341696314,0.000202953088782664,0.00022834351329595,0.000263554414934577,0.000363588690981634,0.000135248434179735,0.000206214465487489,4.15587032787283e-05,0.000347288737345019,0.000114863707413766,7.40184765587623e-05,0.00010762524082165,0.000387142731431821,0.000273499863239879,0.000212160093309549,0.00056195578984201,0.0020305541327068,0.00357565337449825,0.000995311811505919,0.00204482870509109,0.00295961879450218,0.000844232426857023,0.00112687658049055,0.000763044346534558,0.0010253196594621,0.000265998589061009,0.00088569517230978,0.000248549936710493,0.000215187200027219,0.000975194750030244,0.000600580660945564,0.00133053861958333,0.00117138125496103,0.000583712103709572,0.000242655796394987,0.000915377246512377,0.000173643199928122,0.000692016574021814,0.000566305872922307,0.000661230950874702,0.000162011777197291,0.000202283682926588,1.5814620856249e-05,2.33266074316288e-05,6.80246903225119e-05,3.6195485689769e-05,3.05449922290465e-05,0.00024512789749001,0.000283029310513998,0.000263584818472083,0.000200302375253199,0.000355481566967227,0.000302312820404807,0.000575845397980734,0.000171448519090002,0.000335489052416488,0.000205584299834408,0.000585149554512825,0.000287310636819516,0.000476439152338247,0.000222716590906774,0.000495808098043836,0.00029584510094901,0.000437882804812824,0.00031031987467266,0.000343552760356863,0.000229353702283684,0.000444814737746077,0.000104539235140711,0.000115699102449805,0.000140305548733911,2.89695270626406e-05,5.20202441573303e-05,5.6786465784266e-05,6.6135468289847e-05,1.66814960271828e-05,3.77571771008797e-05,3.68585825577899e-05,6.81836504154995e-05,9.3532045017767e-05,0.000146606966302816,9.58812035009106e-05,4.08116731126358e-05,5.11801783528644e-05,8.32943056097594e-05,0.000145955995491865,3.96194230780888e-05,0.000112366532941435
7.78745891439558e-05,4.29690333702171e-05,0.000145833478094987,7.43460512825602e-05,9.52124229729277e-05,7.55843444492199e-05,0.00021759393293504,3.22889660618536e-05,6.43446003814575e-05,6.11065175094668e-05,6.9975978710658e-05,0.000105373306486502,5.76307362659266e-05,7.03175843136505e-05,6.36794686811639e-05,7.75247484144504e-05,7.09149322950113e-05,5.92327629095357e-05,2.7079039738622e-05,0.000137934337856216,0.000364141829145921,0.000146153394356645,0.000221330389505748,0.000523130599106624,0.000498536386480524,0.000198285813147031,0.000300713619027294,0.000191929339286011,0.000427960878686458,0.000329074963091055,0.00020540354221571,9.71316395061126e-05,0.000112112944702611,5.09462459418842e-05,8.2457952996343e-05,0.000254592064393592,0.000150323482790076,6.99368891591502e-05,0.000134708512660836,8.68634397412678e-05,0.000192524524751814,6.20267927212601e-05,5.24300598998778e-05,9.24061643979573e-05,7.55728947504451e-05,8.00863012623187e-05,0.000207098591472993,0.000264691892145111,0.00168224764319661,0.0023915371173489,0.00144442103908977,0.0021135914968172,0.00102806438764172,0.00130981050979079,0.000810327913298085,0.000446182598460123,0.00028677009942446,0.000287932528498433,0.000252044260210583,0.00067929460063327,0.000726939759065246,0.0019371119692943,0.00125694734932877,0.00204608175398238,0.00200681983318221,0.000879708596313673,0.00200269491238823,0.00151145952431757,0.00278052387058572,0.000674228508629124,0.00123470444772492,0.00200989592807544,0.000536352711217555,0.000541433015839458,0.000256957026521176,0.000471423552348744,6.83077966617619e-05,0.000157341021235119,0.000190165338279909,0.00024710195297743,4.8001728330572e-05,0.000129516122447417,0.000156165271012588,0.000144656716366864,0.000101794482562526,0.000172583769225092,0.00026331510353089,0.000113351137456952,0.000225374611336286,0.000104165235180901,0.000261345427828542,0.000176656292914511,0.000146740692900957,0.000195490974494685,8.95559625367578e-05,9.61502808931518e-05,0.00019428698722706,0.000116325003951767,0.000132354698649442,0.000108403581432253,2.82607835097365e-05,5.99714389081342e-05,4.41530223027381e-05,0.000137540268551908,4.1721064564952e-05,0.00022832104929773,7.97962972883882e-05,9.47302891640655e-05,0.000120023586241245,8.2286432884373e-05,4.59445142188009e-05,0.00010505618254883,6.23656954297308e-05,8.50995970250743e-05,3.88219423079267e-05,3.85961882784436e-05,0.000290424657195928,2.24020963534795e-05,7.52638508066327e-05,8.60600161520363e-05
0.000125023023018347,6.83778208824217e-05,4.35915632689105e-05,5.55491427950436e-05,8.42790781888605e-05,0.000122552688025163,8.68951203784782e-05,2.288762933807e-05,2.99995146444706e-05,6.70591335128946e-05,8.37233128598906e-05,4.0773281220784e-05,6.19467116396783e-05,7.08448642351292e-05,5.74821568466867e-05,1.66450401515136e-05,0.00015127927191512,7.17321199770597e-05,7.4107708872949e-05,2.17294456227069e-05,0.000419116676015922,0.00019012372029768,0.000497786222565295,0.000345675866022425,0.000181060956510984,0.000364593347994205,0.000492673439050951,0.000176157045233352,0.000250461788036691,0.00026653532405806,4.76830541538176e-05,9.36016051004601e-05,3.96142178311348e-05,7.26798855119019e-05,5.44755368732926e-05,0.000153789310053031,0.000397139347067599,0.000125405848672441,0.000194035034177015,0.000118393350300915,0.000159823257558681,5.0639639120232e-05,0.000131946401515065,0.000283556885286927,0.000619250741746776,0.000594451543386823,0.000617757874993518,0.000488735156209908,0.00150085286606059,0.00100661248908269,0.00576813214347896,0.00294489985731716,0.00166262780980137,0.000659567971563863,0.00118272264177781,0.000235072341907752,0.000333483907957811,0.000406109973595047,0.000411293978594619,0.000834512030398899,0.000647732702952252,0.00119076064906416,0.00147824851714607,0.00177373879173243,0.00236317776920705,0.000537283253120214,0.00259911695651725,0.00445212621138274,0.000761196418005207,0.00267423105284013,0.00518637306586602,0.0018660040055374,0.00136566993458455,0.000314391516243902,0.000313865753387617,0.000823871427690315,0.000521263587129485,0.000186555579928017,0.000474020014267836,0.000304631882247566,0.000264818822970751,2.8785062153468e-05,0.000394538821735031,6.9514105744362e-05,0.000112825922542349,2.49697578678898e-05,0.000259802601695664,0.000157023699666836,3.19672075280207e-05,0.000125144049809903,7.40673893162147e-05,4.46097148805649e-05,9.52702159247092e-05,0.000178031166062997,6.37573083675483e-05,0.000157706934409819,8.19154261529207e-05,4.52871614166864e-05,0.000190449298097148,9.84693305894131e-05,5.05378659863354e-05,1.87655345292988e-05,9.05560777395519e-05,4.76701833402688e-05,5.19569405055449e-05,7.45437716793621e-05,0.000201039475355411,5.26149185473957e-05,2.93800426941574e-05,7.6570922242621e-05,8.25312599394726e-05,7.45490639271415e-05,5.16231153124147e-05,5.48779306002791e-05,6.93091978400398e-05,4.22033667520441e-05,8.75647424215391e-05,4.01436930219824e-05,9.41428859323775e-05,5.55704190648165e-05
4.78359021532211e-05,0.000115819045556174,2.44326810125573e-05,7.42956261205162e-05,6.05063920820463e-05,5.60775041632905e-05,1.78165551227469e-05,5.94925884795095e-05,3.66509357320103e-05,1.83953469405598e-05,9.29785014254129e-06,4.72205430789714e-05,2.9976014945073e-05,2.72037969073554e-05,5.98971198353548e-05,9.24182464701865e-06,2.65873418582216e-05,5.54258306901181e-05,7.4927237361808e-05,5.86904293061798e-05,5.19145638426816e-05,3.00812007292969e-05,5.99412292978458e-05,0.000100746261475968,0.000171779706655355,9.68075951984215e-05,6.16225273239919e-05,0.000118886422968618,0.00015158461443801,8.81640858236215e-05,7.19168925563272e-05,1.80503456413371e-05,1.54102353237867e-05,2.20035654167507e-05,7.19202755387138e-05,4.71569293746599e-05,0.000135403914552562,8.82452972547815e-05,0.000210686930679637,0.000167568750430033,9.97552879197358e-05,3.05761280889186e-05,0.000210876740897759,0.000445044028702257,0.000298874325281958,0.000254014992513106,0.000280432308802882,0.000374647376446967,0.000691663012391501,0.000674143722434683,0.00350570850142869,0.0017604063814878,0.000954335718989353,0.00175289043293066,0.000490880791430364,0.000188622940716862,0.000363108067518318,0.000269103441937343,0.000147588445146728,0.00030047092833867,0.00104470287897246,0.00137614394085347,0.00216414203959781,0.000977413367432054,0.00341729969554687,0.00110169488806507,0.00175360631695982,0.00132980332228069,0.000895021015108899,0.00200394164349549,0.00119175826183671,0.00078529519055913,0.00105267812822918,0.00161990620545761,0.000606045435239097,0.000398087079584906,0.000256470557260498,0.000326490775632929,0.000187885393023188,0.000166284758395677,0.000116671655030495,2.88126990300552e-05,0.000458084755857656,0.000400256889395262,0.000125068222083629,0.000195289506523676,0.000244408626341311,0.000260988163673517,7.33876752142084e-05,0.000178023593279913,8.46041030878179e-05,5.8975060144476e-05,0.000187657893356768,0.000124533619733671,0.000153198099626007,0.000220714848965808,9.8901996950584e-05,7.53998376905906e-05,0.000251979986901996,8.30546157743462e-05,0.000184387710347633,0.000173029341554037,9.53378640741214e-05,0.000117426874427399,4.82988934616709e-05,7.94525320265471e-05,6.73741011584146e-05,3.00758934032604e-05,2.69191280624364e-05,3.78040980219586e-05,3.20610575074002e-05,8.96223406173111e-05,6.35103180903009e-05,2.79247697696406e-05,4.06094666576179e-05,6.30108212046369e-05,0.000113257086926075,3.75463823120346e-05,7.4846404066041e-05,9.66270704445168e-05
1.61834896031675e-05,5.92194081096572e-05,4.88430832287379e-06,6.89688745473955e-05,7.92923574292935e-05,6.06500879121753e-05,1.27848971039955e-05,0.000101840136275799,3.61650083793478e-05,2.72452548550472e-05,5.90862486746217e-05,4.57935418715914e-05,5.80847580316418e-05,3.47721039222031e-05,4.62952132895576e-05,1.63879326162838e-05,1.96567822682138e-05,3.66491230298284e-05,2.20294015549322e-05,4.95849731064654e-05,0.000135932184392584,8.38496924467264e-05,0.000306867527320178,9.01864998763591e-05,6.00345389924865e-05,6.23968375204293e-05,0.000207493522218346,0.000141582612423301,7.96099976192787e-05,6.57207460967585e-05,0.000207309058107797,6.17883007505906e-05,1.77618353471924e-05,2.31474503929834e-05,4.98970565588822e-05,0.000114752591848737,3.41926203545151e-05,4.69471347636382e-05,6.20983992762117e-05,9.86036372297782e-05,0.000175227660669334,2.67726315356451e-05,0.000154071685947364,9.04090418368747e-05,0.000148697924959876,6.35111350742818e-05,0.000152830839706425,0.000490015432385786,0.000386294740411478,0.000607795996605876,0.00494964145522916,0.00200712232163349,0.000391523812381115,0.000357745106669376,0.00155148048577108,0.000389557802885415,0.000627806239283039,0.000365110021170118,5.9811061810126e-05,0.000361880780003847,0.000538671224029478,0.00140614370971988,0.000953170711659319,0.00205855379864028,0.00133987263380033,0.00228882019989855,0.00342905269264777,0.00615538885282609,0.00192538726879,0.00193970559421335,0.0138573344751553,0.00214850253887851,0.00395198353633404,0.00238763313112187,0.000593246287971177,0.000388858552688067,0.000600236196998583,0.000723118310529031,0.000428761491919785,0.000720759571106569,0.000289819288234698,0.000406663571937454,0.000203700881038982,0.000324819087146647,0.000463263792411407,0.00076857284501054,0.000103551273282001,0.000201606710207069,0.000459953924035259,6.27110541390448e-05,0.000317659267780804,9.75673268944877e-05,0.00037077570312178,0.000121496473853503,4.3598503769048e-05,0.000122193177772377,0.000153663921929881,0.000153683219541684,3.51216104078097e-05,7.31431812071446e-05,0.000153652264237787,4.39776629838643e-05,4.41720530609711e-05,0.00013464418714577,2.98997447194539e-05,2.75551907908131e-05,1.88776019254616e-05,3.64096061774471e-05,7.45692347356001e-05,9.10761291706612e-05,5.55701571656511e-05,3.04647779492993e-05,3.31005682632344e-05,5.07392603920907e-05,2.94382464665898e-05,2.24057112976795e-05,5.53389851112052e-05,8.66854892695277e-06,3.56834787269593e-05,4.67983083381041e-05
3.10341665531266e-05,2.16326933363171e-05,3.43249991363842e-05,3.12196853949044e-05,5.54670644395045e-05,2.06036255491775e-05,3.82248718250391e-05,4.95478507079106e-05,3.12165744994068e-05,6.61619150009628e-05,1.99763351776829e-05,1.60657066752308e-05,4.97427156535439e-05,2.9708190796031e-05,3.8636385708222e-05,4.28558208306075e-05,8.07707898728903e-05,9.18026520637276e-05,7.13630576658925e-05,0.000141716611812495,6.54309746252544e-05,0.000140521664414123,0.000155969071588862,0.000161006031792224,0.000179690036431047,7.00937145158111e-05,0.000131605908242688,0.000213701352810201,0.00041456415895557,0.000173059011791728,0.000145034826937556,3.28986983355963e-05,5.56078948507624e-05,6.62322734793832e-05,5.39297927918976e-05,0.000287022624737353,5.42922438298072e-05,0.000162423482722597,0.000214839823656287,5.94499101796263e-05,7.74462502102476e-05,4.42951487017497e-05,7.19217347534862e-05,8.60616646304889e-05,8.57297237977862e-05,0.000181447010476261,0.000501105994665894,0.000518613992662933,0.000406647738347063,0.00208478628707848,0.00190864803420589,0.00203094948412465,0.00167261913870675,0.00169071606460519,0.000742642629675563,0.000410321503215811,0.000472678465265582,0.000627969173627987,0.000169966854811925,0.00061728207271722,0.000204525158121393,0.00137224145258204,0.00220839873466235,0.00232530692272455,0.00409987862028867,0.00464293742293549,0.0058153578087972,0.00591544236092401,0.00603971753843149,0.00166559274227221,0.00700417830730785,0.00495835803493379,0.0030108165427614,0.00257215452942779,0.00214489933996048,0.000399836000304888,0.00124350066977698,0.00019870508721384,0.000126011826153604,0.000799816485880275,0.00079609373485488,0.000160378799284389,0.000444696341179468,0.000390988960382809,0.000342462035672124,0.000395414064373417,0.000285641182312373,0.00032044930242619,0.000170944179498344,0.000348143325724558,9.27025000425685e-05,5.88583218741375e-05,0.000303671606209418,4.25345772555112e-05,0.000222842934781454,5.22001987090993e-05,9.35800879343976e-05,0.000295062603294272,0.00049976686347946,0.000133021655334949,0.000176057098533715,0.00013239298762922,0.000116492388494182,7.7191187182829e-05,9.81713216740015e-05,3.3125519272204e-05,7.86577944404357e-05,3.17966207103303e-05,8.54951578473636e-05,3.46394373232632e-05,6.02759246112181e-05,2.02772003961615e-05,3.07327145421653e-05,4.68808479412588e-05,2.44027523690069e-05,5.08549294175103e-05,6.14688116541661e-05,3.74744667634193e-05,8.1660756898697e-05,5.61289886019923e-05
3.8494770929113e-05,8.3154253821262e-05,2.42319154148269e-05,4.7647237058472e-05,2.37712245196392e-05,5.2854738289089e-05,5.81016861872435e-05,4.37149421440865e-05,3.12963298229923e-05,3.05157696717445e-05,2.04749539359064e-05,3.01767974856019e-05,3.53762545356805e-05,3.08683001727134e-05,3.60253664441474e-05,2.11624072698639e-05,0.000104384178198449,0.000113609229491231,2.72782341128235e-05,9.68130553203725e-05,0.000134463446911497,0.00010240598528144,8.26786322083959e-05,0.000216734673583419,0.000114545182443214,0.000115275990075945,0.000113836570306429,0.000152142536754707,6.82083868788603e-05,0.000155702666793721,4.94658282285819e-05,3.76147231238912e-05,6.03155543491611e-05,7.46863609704094e-05,8.32966656427684e-05,8.94946381859373e-05,7.65017861848896e-05,0.000127312545884436,0.000101582064570423,9.20755470007387e-05,0.00014268710136207,0.000124858243764154,0.00011345615905436,0.000103042031863052,4.96739846381382e-05,0.000115076948702725,0.000290518635066979,0.000218539862095447,0.000281501255242233,0.00310046188564478,0.00701666184809001,0.000827281780937175,0.00120155810946434,0.0011756597575705,0.000745486827100165,0.000627278021248109,0.000463147532614771,0.000207028583550868,0.000306371339434121,0.000366021748643248,0.00040681419922576,0.000314146704875277,0.00096271570503817,0.00354081239679678,0.0028449530865085,0.00551625816535498,0.0124508357527911,0.00596580040696562,0.0128977569976592,0.00768965910330659,0.00988764704522099,0.00244403232127443,0.00366123628937486,0.000702346227071322,0.00142085522545306,0.0010588103094312,0.000849567222894177,0.000950573409787526,0.00031779995687103,0.000337537071231092,0.000439950638894845,0.000137428321638097,0.000521916356586794,0.000510065585782869,0.000399191282629392,0.000662710757511054,0.000340000739862799,0.000364699836228897,0.000244716668429871,0.000178548903358447,0.000248053069810551,6.5340925318434e-05,0.000162457841143104,0.000149537277307043,0.000119459303489777,0.000244719874882719,0.000222943619030131,0.000295596726335472,0.000181689567033127,0.000102919225019655,0.000129244027464128,9.88455550669807e-05,3.39437698344772e-05,4.53616444393061e-05,7.21965209703146e-05,5.18085067832307e-05,6.45454174620131e-05,3.29363445739934e-05,5.13806089354324e-05,4.09809924832623e-05,0.000183757738484929,4.65619083563683e-05,3.85613522066627e-05,1.23687801389648e-05,4.2771414809246e-05,2.58133407042948e-05,3.22476999038254e-05,3.95122637648928e-05,4.96232558573923e-05,9.99269483437858e-06
3.4348708667294e-05,1.81656117128461e-05,1.40341187440555e-05,5.32593383351144e-05,2.7779434643444e-05,7.42285537984816e-05,5.3554568354525e-05,5.00330041956375e-05,4.55469871592021e-05,4.09294511393604e-05,2.98167917042668e-05,1.69520802743448e-05,2.05655469104524e-05,1.41815321199783e-05,3.41747662459414e-05,6.94895698463258e-05,2.34236343507792e-05,6.22639018839135e-05,6.04693454208556e-05,6.27564863260185e-05,2.31124678084683e-05,4.94147756920101e-05,0.000108441406427349,8.14809580574643e-05,3.74549500139434e-05,4.63504231048125e-05,3.85270683884903e-05,6.29137438865957e-05,0.000128777927021674,2.69020938599726e-05,8.13793436876881e-05,4.95282216667017e-05,6.44574782609132e-05,5.12262423574561e-05,3.92509304667796e-05,3.23464893518982e-05,0.000117673441804138,8.78901278328518e-05,0.000203761249347526,5.54667298882814e-05,3.6117196708376e-05,9.57489215325241e-05,0.00011013994976462,0.000101411626061105,8.0378039783065e-05,8.95040208047176e-05,0.000106064938156705,0.000109963216299916,0.000200238806063951,0.000184724325924546,0.00176338414937414,0.00106903513900772,0.000598769695932481,0.000523371266243582,0.000104006927269313,0.000212169015114956,0.000476372490747478,0.000397555680458525,0.000256100612212456,0.000282980847490997,0.000626663621804715,0.00168535797700775,0.00091126893648108,0.0030767875895692,0.00394313110655702,0.00565766862050225,0.00466862350337384,0.00394935807232242,0.00222545167271086,0.004113953891467,0.0119293560541339,0.00601233770710379,0.00271495260331417,0.00228730729557834,0.00167087636111484,0.000923352083331907,0.0004324112332389,0.000167344668967507,0.000363137476029636,0.000300293653475507,0.000244203405228653,0.000418910565361788,0.000110876607090327,0.000114616575432591,0.000126189115966105,0.000119403305482742,5.52499166246601e-05,0.000173978784860295,9.14308554878123e-05,8.70283575365472e-05,0.000122115858595179,7.75843976351441e-05,0.000132962081161941,0.000152216418324681,0.000140181193588051,4.96818214040239e-05,7.53986849628899e-05,4.177402798776e-05,0.000107067292797931,6.35388553774481e-05,2.70274372648031e-05,0.000113978861881585,7.49614674208864e-05,3.44668639488501e-05,5.49085680849149e-05,6.21168689240251e-05,6.45587430894485e-05,5.5787650772048e-05,3.45733596722275e-05,5.9671919669586e-05,1.10567289945927e-05,3.18816086688518e-05,7.61757174357423e-05,5.7092183924687e-05,4.04925349549197e-05,4.37521822179532e-05,3.80285624325964e-05,3.89036260984432e-05,3.20546919451203e-05,5.40333990229456e-05
7.13483542165011e-05,3.24526373410614e-05,1.185559297843e-05,8.52664188213843e-05,0.000193475273917581,6.47667629465192e-05,8.69022823014296e-05,5.00691783154196e-05,7.62328599417421e-06,5.44624046508408e-05,2.79001319047576e-05,4.16118334757036e-05,5.4705153588311e-05,2.86289214214631e-05,6.82018515468375e-05,5.74509124966676e-05,9.15116748130586e-05,0.000171397774117776,5.45556660431151e-05,5.52689176057784e-05,5.58529607993207e-05,0.0001416642264155,5.99252245346065e-05,0.000137777214391572,5.82072411185995e-05,6.82695685804675e-05,4.41980783143176e-05,6.86080249169253e-05,0.000106879300789146,0.000136664397553773,5.81714941766988e-05,6.50750161540309e-05,6.08734320610322e-05,4.95701060905115e-05,3.51396824689954e-05,4.22994347083331e-05,4.50159463936794e-05,0.000126982299211512,7.09741180908547e-05,2.29661920330982e-05,5.22761033864668e-05,3.89798312184036e-05,4.8665542645185e-05,5.8103761943682e-05,0.000105039132535347,7.81843243490106e-05,4.08759269830759e-05,7.52584079714779e-05,3.78888147472412e-05,0.00011586897999201,0.000116098056609983,9.95225527345809e-05,5.51215493843801e-05,6.05913408977793e-05,7.93304835860333e-05,2.89951631869746e-05,6.11008460372622e-05,5.34024831842349e-05,9.75146487091951e-05,0.000559630370228083,0.00155799604055833,0.000995408782176141,0.000621130817032954,0.00917336863557308,0.00391481754798117,0.00342072442052306,0.0101363706913182,0.0233423093555408,0.00796432684795379,0.0251187162351711,0.00359649223223048,0.00279197995577739,0.00234100097242029,0.00191446508799767,0.0089797222225723,0.00380081387800791,0.00389038027107478,0.00177098205983149,0.00158767676735123,0.000926772292754717,0.000657448065315421,0.000330661070231497,0.000344842481316253,0.000275391401387138,0.00015743766352205,3.92889346001783e-05,0.000128742816043963,3.00903248549767e-05,1.1967785149255e-05,6.64223688333124e-05,1.77871650180486e-05,0.000109152677869686,0.000124891802314945,2.89721915264872e-05,8.55761091854132e-05,4.51342124777964e-05,6.63618566352918e-05,0.000125628946139137,3.20167749932093e-05,3.85063146368673e-05,8.33182551593474e-05,6.81646560504884e-05,4.7459176273119e-05,4.4958735610702e-05,4.35529588932314e-05,7.12818652096237e-05,0.000219435966044715,4.63295615475827e-05,0.000175505074449667,0.000195292485879918,0.000132726870352007,3.34620403428499e-05,9.06786660569109e-05,8.04708108842226e-05,7.05484323518869e-05,2.39494867963237e-05,6.2176721289561e-05,0.000103584507341533,4.38009437653801e-05,4.84317717692212e-05
5.74040660203006e-05,6.17047942289759e-05,0.000293138227129591,7.83058184394313e-05,0.00061903854069185,0.00351139763663785,0.011896713312499,0.0133052004009495,0.0189413227462793,0.0143924242125447,0.0144394616473624,0.0133154234394012,0.00721596762967384,0.00549353394568149,0.00363612808589068,0.00386516640936398,0.000841690452543808,0.00132186897748704,0.00156240546105262,0.00592848335853757,0.0177763245578417,0.0201034811825879,0.0178148558118992,0.015191519178927,0.0152921503644887,0.00893967342806114,0.00782116082288116,0.0109250326585027,0.00584053091246007,0.00140565394393997,0.000661935050700821,0.00585089690217089,0.00367250013084544,0.00671086297135722,0.00925425779168682,0.0210678981830248,0.00795126299329949,0.00677422174945798,0.0107454894997427,0.00860624650174033,0.00795171367997121,0.00319530077310042,0.00475309866546621,0.00969210215528225,0.00544168549468728,0.0070573251206818,0.00965444951304198,0.00830717644163236,0.00723080030388717,0.0069977418764996,0.00678919566851608,0.0106836866708176,0.0105619377513838,0.00618707942423203,0.010875196967262,0.0176965152807263,0.00832167919991546,0.00968436150139716,0.0066142318653452,0.00750643718056982,0.0110953539149191,0.00598886913309547,0.00298926014162911,0.00163177295286458,0.00198382515179082,0.00239030552055488,0.00128071578673972,0.000606009256769446,0.000663215298840096,0.000690435145727447,0.000150979060725952,0.00025014236910776,0.000244172225859588,0.000119441536469901,0.000264894511214029,0.00058090711755713,0.00151144308328012,0.00619162867471416,0.00386205675102175,0.00822796210253353,0.00363264714906974,0.00784704015144337,0.00638320029116241,0.00162704533661614,0.00483498768342243,0.00636356680085145,0.00446580844351544,0.00080168385284158,0.00578147459292274,0.00523903987806893,0.00476923456096985,0.00490524072053996,0.00771033244121381,0.0102242760340596,0.00997750451157635,0.00544360591200592,0.00787662996404807,0.00901629273871299,0.00896822608835105,0.00636095837873117,0.00246218598369615,0.000320845939409757,0.00217748881761867,0.000883839302470949,0.00991237978993001,0.0106779702894332,0.0235319561110159,0.0211122113610114,0.0144974988177853,0.00913342898359341,0.00842539598211599,0.00890494684032622,0.00302856821446336,0.00138869620592882,0.00164751178092525,0.00207260227410768,0.000227907653226505,9.61348907503948e-05,0.000833856494001023,0.000359446132293424
0.000342269071776151,0.00104220237082365,0.00169129111882056,0.00315174441728977,0.00350311348424938,0.00119665540121489,0.00754319058863378,0.0135027966419622,0.0163522586352128,0.0283811393767284,0.00776674814086883,0.019582480202214,0.0263645712172411,0.0143612732832858,0.00916325165779369,0.0118548608984937,0.000625275900178435,0.00453093461469618,0.00883366211647914,0.00969940802522142,0.00805907738787597,0.0221018211166728,0.011104852616354,0.0521107904788986,0.0412832477590606,0.0605897856723578,0.0742516057644658,0.05050865403942,0.0582958970519495,0.0276468375207425,0.00455660364549728,0.0328602492591365,0.0307219037632923,0.00490114728466199,0.0165975845798369,0.0238759924706553,0.0475703249307756,0.0641664571743876,0.0574955759596275,0.0552922049761762,0.0454036397648779,0.023598610351332,0.0280834175939043,0.0420681970788133,0.0261546399684968,0.0130210813256837,0.0201009236197276,0.02443995506454,0.0107650424824424,0.0188067807401533,0.0045883085714025,0.0175783219255728,0.0138825496692584,0.0256158344118041,0.0522571913510657,0.0727253155516264,0.0417788688911233,0.0200457926354335,0.0330226212538564,0.0236692247705924,0.0178214427416083,0.0118592807335984,0.0119999028883605,0.0145998427992146,0.00535176650910503,0.00359974970360283,0.00507697725334623,0.00410264188977339,0.00127316734084003,0.00295114092991029,0.000908025590498339,0.00186643025229657,0.00247467350304255,0.000595923902358171,0.00140773539168926,0.00258448347082638,0.00299834401271031,0.0104852305049069,0.0151421826727821,0.0265519375750877,0.00970043451353732,0.0270321119267739,0.0208715144564188,0.0118285362743547,0.00899823669854283,0.00678254681717327,0.00640647457032545,0.00697257807084737,0.0325169596337906,0.017654096123061,0.0246817518292155,0.0219493854047587,0.018072852218909,0.0159631800957922,0.00779451509440976,0.0182264185325944,0.014269807503023,0.0145353557805896,0.0198118422054167,0.0208450495759971,0.0121697507984081,0.0159779562018071,0.00275602244776498,0.0155846067862421,0.00483565779781705,0.015065169661494,0.0308508858193142,0.00704970541591053,0.00804924541813903,0.0121765427525985,0.00889675192965097,0.00661671645356068,0.00688300858013668,0.0045246490919157,0.00218909449278641,0.00293647370206282,0.00378394851944543,0.000534845585297895,0.000796553106278595,0.00397326718427555
0.000156356597875521,0.000251949440435171,0.000514683143131995,0.00099384686348294,0.000766378115835443,0.000411509527572769,0.00280832600681455,0.0049396215713824,0.00192628729532514,0.00407423817042503,0.00785922076438509,0.00408159930038389,0.0105415846581257,0.00208642634226743,0.00293069307846832,0.00189495049374845,0.00113120496190049,0.00256488509858444,0.00234657254299942,0.00385607552099962,0.012397259124908,0.00516470778591226,0.0167430927825366,0.0185734273351101,0.033408875839912,0.0203696005225995,0.0132624943034311,0.0180770453866248,0.0140705295666293,0.00639612167218031,0.00297926733859829,0.00829433090244415,0.00864658694120976,0.0038856768732313,0.00333724818950461,0.00783045576943378,0.00613746023850568,0.00924890826054378,0.0117908529177958,0.0120369666263215,0.00849323656286442,0.011680107906326,0.015402521355304,0.0205666127275814,0.00918893136908711,0.022761999836802,0.0289610804695823,0.0212651863854545,0.00910846057144046,0.0137874081651602,0.0119333977101117,0.00492482088675525,0.0144253815709953,0.0146306732335078,0.0233916795682444,0.00380118093127928,0.0072411058645481,0.00806976441908929,0.00896938808551312,0.00179440063852678,0.00423151229206396,0.00222704840608945,0.00366428708040286,0.00540685518435321,0.00179834793731237,0.00186646565172004,0.00094692471917362,0.000653643980864585,0.00107954965574985,0.000794734968580274,0.00017343933525847,0.000210360599413902,0.000317964087454179,0.00017999962988843,0.000354478670408816,0.000773166667800754,0.00277316850485062,0.00644906693107224,0.00628900110282878,0.0231422596368243,0.0203481877322489,0.0261197228236403,0.0227760842330736,0.016691739266788,0.00542672849981941,0.00696771944432624,0.00797178499690476,0.00813432024273543,0.00469766364867308,0.00352058216415304,0.0102894444380054,0.0102373075813454,0.00402393109422369,0.00951538400198428,0.00977619541466474,0.00433174418592068,0.00412408876317806,0.0112400169783936,0.00981155129035006,0.0111147323008893,0.00875295584510602,0.00841752447545164,0.00489303192372152,0.00436126524052761,0.00362289598731775,0.00875083684753281,0.0055726456190478,0.0015624615358808,0.00237305605994893,0.00399267578362493,0.000927538609883967,0.00309886958785842,0.0018809998008249,0.000625296185794653,0.000287567780551144,0.000857097772888897,0.000940058195027628,0.000375663674847398,0.000587838147741201,0.000333178589571989
0.000930431286573534,0.00088206657785174,0.00071091988339063,0.00311553504790623,0.00466250617776058,0.00240769713912202,0.00308597214354898,0.00361120961177642,0.00747502569396087,0.0027500645670855,0.00380776893139791,0.00202913741866409,0.00525738239307581,0.00095251359001142,0.0012079778703313,0.00115039754198162,0.00110976585867535,0.00290450376538283,0.00348806470853217,0.0864505673801406,0.307324717495664,0.0960831575986746,0.237627992144711,0.111944580617351,0.218171005957354,0.202986546080073,0.255434441008398,0.0858462342045278,0.0651982119042499,0.00869574154912372,0.12818306582416,0.0440789767181053,0.0105267187149333,0.0249580250859121,0.00585802897835667,0.0703247270952081,0.223164463530439,0.341371802964156,0.320160930856155,0.310936657258509,0.194607404852442,0.191513687285397,0.195182201492309,0.12644959325653,0.175141425502225,0.0384455171782861,0.115804302116076,0.0356097744746099,0.0328854781765388,0.129127171838845,0.10502810338829,0.187018807565131,0.145405611313604,0.0598610467825982,0.339395547425224,0.0874481222243146,0.13638969692859,0.184333517674269,0.0750349578425783,0.040587271455657,0.0151914377121116,0.055511758079143,0.039585565757583,0.0211210663806683,0.016741579021377,0.0149711936957254,0.00360729601802309,0.0113800984508619,0.0035040435039438,0.00862646296737286,0.00229566387659288,0.0079154267495371,0.00221787440902372,0.00130930467569381,0.00367550618419185,0.0141189316706239,0.00535590518452044,0.20876798070324,0.463795436771525,0.146847037690747,0.2140023446813,0.261481405387564,0.0303509168817777,0.156025053780625,0.0203915766371334,0.0779449056171772,0.0760841641633768,0.0742398915944792,0.0228080529163203,0.03444593907036,0.0643849191145642,0.094578730766234,0.0693241172140978,0.0395901681126655,0.038157419092109,0.0342226776460776,0.0359188693667425,0.0308766168275784,0.0304308676904621,0.0288969946376378,0.0488093291672737,0.042644889571885,0.0356761853207675,0.0146557780846223,0.0123523385322685,0.014457438874791,0.0135485187718021,0.0121501776308344,0.00975950255493945,0.00336243746103668,0.00357956225366122,0.00316754586165262,0.00221252364586069,0.000493269252764328,0.000644143437196659,0.00182984179537529,0.00061234776770948,0.000221813254508887,0.000567007395274096,0.000685165842864556
0.00114222432382358,0.00252021104515076,0.00175613646094484,0.00150278070000679,0.00234907467656866,0.00335964875014086,0.00548344216970422,0.0020182182452197,0.0127343588101128,0.00316783993878724,0.00277754086654301,0.00256077277951675,0.00191184717843085,0.000542914613296071,0.00223405201731967,0.000831483095943455,0.000601649824399257,0.00456226172651922,0.0152770603659336,0.085364277969377,0.0753471317182287,0.0374059157746269,0.296594350673075,0.215488873852166,0.549667631482858,0.408911623462258,0.484518047292396,0.392727525014851,0.189556837001621,0.0965970812909523,0.133120382722366,0.0447514048652028,0.0573846044815125,0.0123257189294969,0.0204565569751733,0.0575452772190529,0.0974413553917761,0.163467188988257,0.145951801290502,0.198984081415116,0.222380104167027,0.304346979576124,0.279276743561063,0.1129518558875,0.0756891373375699,0.0399150086739251,0.253343221386802,0.348912145480249,0.166191070705821,0.134653124210691,0.104131377572979,0.229367627084331,0.356345207829091,0.262709069598091,0.261788840689698,0.0482161333192683,0.225107906069458,0.282364502484717,0.119004683225393,0.0844717983090826,0.063202245546879,0.0802849687711204,0.0685324827304031,0.011421859303848,0.00615278153791804,0.0178262139984131,0.00884919339760644,0.00516909036741059,0.00558430881419652,0.00321134991716646,0.00292414624082539,0.00443640313740003,0.000925016059707913,0.000930600756042715,0.00534890101428415,0.0139289201207424,0.0124503040375646,0.154674382189791,0.336785039675927,0.57313081751867,0.366690121783391,0.406877044190072,0.278413189875689,0.175821785903461,0.289574332262251,0.110614536919801,0.0759677338339546,0.153847080537893,0.0386782706302253,0.0956000405933811,0.075767183592386,0.0609859662099485,0.122454920293523,0.110193778389564,0.0784448067318557,0.0417843461186351,0.0277857745710003,0.0858894155254482,0.0776995609790645,0.0420002002717118,0.0546046191015252,0.0832240827058534,0.0865546263449959,0.0275578398525055,0.0274896405493146,0.0547416242979996,0.0336002226404379,0.0168637355419294,0.0223500289733236,0.00906745983390028,0.0129266996523324,0.00296473540702549,0.00676531896606091,0.000363639548093683,0.00190181092106014,0.00107787344073539,0.00166072675728908,0.000699954187306725,0.000688661196161696,0.000684533785336866
0.000145190858940913,0.000941258538389924,0.000117261873318307,0.00021268101140469,0.000377400076529489,0.000415439612083449,0.000615468211305258,0.0010375762220126,0.000781105890907905,0.000942473554022872,0.000453452090546472,0.000279664875277567,0.000100638241006064,0.000282183643490883,7.68317109257401e-05,0.000267118523050942,0.000197157099541894,0.000170097375048534,0.00159691307843086,0.00366624283784074,0.00208140749754895,0.00234896601993538,0.0134306462917726,0.00222275484402935,0.0175273805306937,0.0125438302265651,0.0120627183565666,0.0059964505237704,0.00253291664816515,0.00235165607756479,0.00221543087471683,0.00093033853560671,0.00132964237677466,0.00047168810618417,0.000830147087941756,0.00542958769788575,0.0101796526706383,0.0127895016841464,0.00865244253213542,0.00338549720654893,0.00213574689890413,0.00153446857146506,0.00544522850687091,0.0148639858231041,0.00347303992899666,0.00735498016971269,0.00803083205933018,0.0136742767186466,0.0151256610410667,0.0481879153499529,0.0105690326002432,0.0126472335178855,0.0083304742241045,0.00963999327470224,0.00936783211871658,0.00150160927685186,0.00930639093639203,0.00795038399911266,0.00357742520967265,0.00736418428752728,0.00155483667072674,0.00444714359629562,0.00327893667470774,0.0013658785743735,0.00207303994838962,0.000443326728129599,0.000461418994207108,0.0003147731738206,0.000224617305027047,9.41941975037811e-05,0.00133494788932461,0.000319298619647992,7.96742910939655e-05,0.000124344985155627,9.59281768456513e-05,0.000300815158291047,0.000914279345160598,0.00644661077405642,0.00565669109453279,0.00196897225829901,0.0168677447099256,0.00706341282459286,0.010197573056509,0.0040290591863944,0.00473598151960149,0.00308041112702924,0.00639381333640915,0.00713226549172656,0.00592693282942167,0.00292553998675335,0.0233654982760491,0.00203172387137806,0.00328155079272799,0.00157807511304736,0.00131876969129212,0.00182557648528167,0.00172400179816709,0.00161995510279122,0.000799332797182774,0.0018597772739844,0.0009656617158733,0.000346763384708546,0.00119135638101151,0.0024217115014643,0.00181767586453239,0.00209207845168532,0.00186729508232667,0.000649148419619611,0.000587190343833484,0.000858633123918703,0.000359299759436413,6.59393893782909e-05,5.74400110477533e-05,5.06864485387266e-05,1.8389836087099e-05,4.78278604745789e-05,2.42405674292262e-05,0.00011744427872152,0.000142926310861836,6.01241196008002e-05
2.89352055587035e-05,5.6319309944425e-06,9.35172463849841e-06,7.66759273934139e-06,2.94329983092782e-05,1.41766749134921e-05,1.38041205508998e-05,5.7536581998717e-05,8.3350302299187e-05,0.000156034421421705,3.41356157643152e-05,1.61089113186332e-05,1.87262869241528e-05,1.23330367956087e-05,2.63313841437566e-05,1.21382152024127e-05,1.14432998915947e-05,2.70785349760324e-05,0.000130807515482125,0.00231952391311849,0.00102325097973652,0.000230039666717476,0.000846178892213275,0.000491627651401567,0.00175525427128256,0.000555717334679711,0.000815466268540961,0.00150107547500426,0.000330657134216566,0.000207918773546115,0.00012161429826318,9.20443469399144e-05,5.6444545370865e-05,2.50966666288924e-05,0.000497199147182904,0.000323852750270404,0.000338356226456536,0.000264002439780166,0.00199845570635226,0.0014416186213234,0.00579578465341386,0.000825163581392951,0.000618518281233946,0.000990774748621968,0.00684032015249887,0.000735850751037488,0.0203006598402748,0.019777000990832,0.00751860858041202,0.00966472586539221,0.00543607331238264,0.00037840791116425,0.000405057270990769,0.000383858942085157,0.00198849447363137,0.000660969577213137,0.000195289779764845,0.000171205696668962,0.00119739724222259,0.000210874927115255,5.53626592362538e-05,4.52374052857687e-05,4.91919769853679e-05,3.24204884945875e-05,1.39805450040086e-05,4.56868438712193e-05,3.69842654286827e-05,1.618769613031e-05,9.39280918209301e-05,0.000142380843375418,4.33421472303923e-05,3.96007137284998e-05,5.06834472973108e-06,1.71078611772246e-05,3.59788549683266e-05,3.43339224759167e-05,0.000145046562550171,0.000327186927889947,0.00017237488363998,0.000656622371854852,0.000282331121425134,0.00049818476124187,0.000462381896864031,0.000573146944940734,0.000249043799871105,0.000407466514559837,0.000410209261002841,0.000456467916398835,0.000518270406189152,0.00194717449281651,0.000602368456785062,0.000720472617489774,0.0010266234203026,0.00196415435851182,0.000953040981703306,0.00147137526112942,0.00158584384442621,0.00733417515328777,0.000385257778635007,0.00190172653811743,0.000924956050358886,0.00027135189917055,0.0001166160282874,0.000229314716078773,0.000178233788654546,0.00015712623991246,0.000105764205520362,9.44371389126236e-05,5.05603050579007e-05,4.18021086506314e-05,5.34874127548146e-05,1.59105900284205e-05,1.93758058143878e-05,1.56728024558608e-05,3.29945376849163e-05,1.09687033915892e-05,2.31454741309435e-05,1.56039395017581e-05,8.72306436937577e-06,1.61928863981715e-05
1.39672405089826e-06,1.24983059461541e-05,1.34837864764156e-05,8.04153360994737e-06,3.63290090266524e-06,5.38231125597118e-06,1.23076686180347e-05,1.02972545239638e-05,1.24531380702834e-05,1.3738114455082e-05,3.66248131115323e-05,1.4080435016605e-05,1.26483416937173e-05,1.12085785897954e-05,2.76659575492385e-06,3.44373182081385e-06,1.96151447903813e-05,1.95337121109624e-05,4.64634671945946e-05,5.10134307138113e-05,0.000107481457564732,0.000225285710190283,0.000620002888960867,0.000301102337851418,0.000209398952032975,0.000327700798793292,5.18663468165613e-05,0.000618981805101182,0.000159843463123786,0.000284246063419793,9.52302118940911e-05,5.5856927866486e-05,2.66290703351812e-05,4.47429374987668e-05,0.000147016402825334,0.000327153187072827,0.000404824692785719,0.000308697479065613,0.000158898858453233,0.000212664180954746,0.000150723359304863,0.000212770230043803,0.000179988108799267,0.000267930389773882,0.000122424904721484,0.00172004881195448,0.00212128687841785,0.000901592542233601,0.0010903176699707,0.00126441075120279,0.00169071989808242,0.00115826450910131,0.000656654831788551,0.000256194042884595,9.7162812424388e-05,0.000503627204121422,0.000290389194735491,0.000177989509529115,0.000149623324991873,0.000141176729592375,5.08121454461968e-05,0.000136422087308575,2.1246115613455e-05,3.68580643498329e-05,2.47129867541562e-05,4.51785165467283e-06,5.47842228625481e-06,2.5947745571043e-06,1.5694778236674e-05,1.60152547231738e-05,6.78714545187648e-06,2.33764011466591e-05,4.45695464526821e-06,3.94571202328058e-06,1.17542035957827e-05,1.42285418419276e-05,1.9124488001753e-05,1.85021999482466e-05,0.000111756789343851,3.05278835300089e-05,0.000186876155105357,0.000122756009956945,0.000277160834759182,0.000117629938826944,0.0005249406199921,0.000275758419574936,0.000758854193809799,0.000439683205868321,0.00015605173966252,0.000493651039803766,0.000314865116509998,0.000162160100559948,0.000131806815750722,0.000218178206222272,0.000194624640846382,0.000267364073515717,0.000167862228666023,0.000655717548669405,0.000199375173757846,0.00017118832074789,0.000151756093076179,0.000242295305423058,0.000102425451062146,4.81963755106737e-05,0.000114061972537203,0.000144092905062349,2.50360021306226e-05,1.09359602175344e-05,2.30504428473726e-05,7.56765976179428e-05,2.70997791770575e-05,6.4573695166764e-06,2.72138460191453e-05,2.52827154103772e-06,4.2322675307862e-06,5.62499553364128e-06,5.70673888450037e-06,3.49252368996488e-06,4.64369475127012e-06,9.2603406229327e-06
4.56676164064692e-06,8.79851581553031e-06,1.39335696979914e-05,8.49346643069781e-06,3.5843624234053e-06,1.10689049778323e-05,2.03401206056613e-05,1.64079550990812e-05,1.56767891132152e-05,2.36802775390064e-05,1.41411925024119e-05,1.58112066995668e-05,1.19524124762493e-05,1.66052955373011e-05,7.67497970755562e-06,6.95028587536963e-06,6.96555517139749e-06,6.38796397253536e-06,7.00695792958393e-05,9.40225932416725e-05,9.12597476770211e-05,8.61961159949221e-05,8.17687335106522e-05,7.63706347851113e-05,0.000257411647505683,0.000399952609429098,0.000342226521873943,0.000194922098551804,7.22703246492486e-05,8.53052813975983e-05,7.6251676079451e-05,6.22994220464559e-05,0.00010147364684358,1.30052771961019e-05,5.80484795281945e-05,0.00050433280471311,8.33582030780023e-05,1.92094954761315e-05,4.47907484640168e-05,7.57712313415815e-05,0.000271649403628345,7.80593649931601e-05,7.12679700928458e-05,0.000210394434875602,0.000862855898879559,0.00164379969332342,0.00169422155633546,0.000727994969416901,0.00133664338417163,0.000468563054554936,0.000522095899348218,0.000244738513197914,0.000218079466947519,0.000452320117371406,0.000274725731183125,9.56969553176136e-05,0.000371380029610859,0.000154835442492896,0.00019371381130649,0.000173012896335712,5.75962875227564e-05,2.56010305816057e-05,8.19309967572678e-06,3.82053065352862e-05,7.57411987569027e-06,1.4469672784748e-05,1.02375678983685e-05,1.82512282560273e-05,8.4975706739663e-06,4.24743573956553e-06,5.4039882460605e-06,1.86979390907732e-05,5.81619819242196e-06,2.56070248166995e-06,1.60839528709917e-05,7.9822158571213e-06,1.20131002114985e-05,2.40504502418408e-05,2.48175011172656e-05,9.26993198854316e-05,9.21145379501276e-05,0.000111237239345586,0.000160771933669262,0.000643382188215457,0.000330816097781625,0.000178855196980967,0.000153973874591152,0.0001638618374507,0.000397623153047457,0.000137381853117719,0.000867092344873525,0.00038457424970543,9.32638073537713e-05,0.000156292614032886,6.81300499423224e-05,0.000460807116584666,0.00010612298284748,0.000514033179971066,0.000269768715742082,0.000615941011032992,9.04448430110755e-05,0.000591092405639191,5.65755993625411e-05,0.00011067481760557,8.33576189829686e-05,4.78139234720459e-05,3.23190368682812e-05,2.88761866554377e-05,9.76688998940156e-06,4.41124026599603e-05,1.87153743972922e-05,2.13989374588671e-05,4.93865481652222e-06,5.9966395846918e-06,5.58890130001134e-06,5.71983560152106e-06,2.52319244900929e-06,5.56179336100083e-06,1.2946139531451e-05,2.54022747998964e-05
9.4137519824466e-06,5.4927858284576e-06,4.22176001743653e-06,1.01439868772248e-05,1.23485530310193e-05,9.86039024691573e-06,2.10746505672079e-05,2.17809687872679e-05,1.05013575772171e-05,2.8122765472407e-05,1.98283926401944e-05,1.15405861835561e-05,1.17268041957491e-05,5.0066739838102e-06,8.37318990565523e-06,6.53626457370541e-06,1.00212916668452e-05,2.15901969771376e-05,4.01021624856123e-05,0.000231708669706148,0.000152896350689143,0.000114081536743587,0.000306430638270222,0.000195658310750715,0.00055721818604467,0.000233816951149156,0.000117970494716296,7.25385155505389e-05,0.000161172718026231,3.04597004241886e-05,8.77375997210454e-05,4.48450247468152e-05,5.69679539301775e-05,1.58704630677517e-05,8.89766686463199e-05,0.000135031406426644,0.00014402247325686,5.11442874236296e-05,0.000202276837110561,0.000134206229349191,0.000104401482470733,0.000122778353480818,7.72833095924655e-05,3.0214906320429e-05,0.000115382718088578,7.43719406732496e-05,0.00328157937763486,0.00268535175258566,0.00123115732564114,0.000740930651345176,0.000589759008809164,0.00157394203634769,0.000856726823133752,0.000900251633907687,0.000421105748007584,0.000145487400198825,0.000407809434978431,0.000730259572184357,0.000260163483212104,0.00042999611744085,5.14309886712357e-05,0.000194828831231901,6.23613087524117e-05,0.000108742562282212,3.6932370973177e-05,7.28605408962131e-06,3.61193047771089e-05,2.38945838557815e-05,1.27851670446403e-05,9.76372505487668e-06,2.62034874391093e-05,1.01754409564561e-05,4.05755885401204e-06,8.63974451303084e-06,1.45269205164041e-05,4.93021680964911e-06,3.38169346474367e-05,0.000157545781451865,0.000171654328309714,8.62378666243689e-05,0.000502612156058977,0.0012457481054927,0.00116680577904479,0.0010439224260697,0.000819497151470363,0.000219146047371708,0.000577512708045329,0.000588537787268684,0.000270666063413463,0.000334996653236869,0.000168537590348131,0.000249419970008401,0.000402087312414724,9.92332696489478e-05,0.000596043466030292,0.000221589748055907,0.000142745959500022,0.000488720254740867,0.000494520073197886,0.000161509549386346,0.00075040280208633,0.000191234876091092,9.57057219568574e-05,0.000123010149972931,6.21309383797126e-05,8.72254562018726e-05,0.000106530737565596,2.16817048637862e-05,1.53527622370027e-05,3.32732001158258e-05,1.78720459894843e-05,1.62405053749183e-05,1.74555129585682e-05,5.12410947058636e-06,5.96728052781957e-06,1.25628895047421e-05,1.83206243943104e-05,6.99007730858681e-06,7.69217272374065e-06,0.000100004763291538
7.230710350046e-06,1.67190084325523e-05,6.27975978229649e-06,1.36798453125829e-05,4.77239624079225e-06,4.13307924174241e-05,3.32417971570437e-05,7.58109104499877e-06,4.93335689754129e-05,4.61785124862292e-05,1.82603528332124e-05,2.10104436651138e-05,2.46778797166077e-05,1.12845429197153e-05,3.36330148772729e-05,1.28538844769284e-05,3.60642698016412e-05,4.37928921944002e-05,1.31280313167671e-05,0.000154672449727351,0.000348906041322047,8.43429339499254e-05,7.19627287835379e-05,0.000710897033478848,0.000462036050475898,0.000376877742454996,9.13927563040056e-05,0.000622353968159033,0.000135404129256536,0.000114940622661926,0.000108359556409975,0.000135642608315013,2.60820921622327e-05,2.26187109617357e-05,2.17167127561116e-05,5.71548133999328e-05,0.000119026576547562,0.000199484925230658,7.43038024539324e-05,0.000143155999718994,0.000176743760800649,0.000198515985506593,4.20767844699369e-05,0.000146151589688564,0.000672487188434071,0.000269696025472538,0.00105411262080187,0.00130455542750087,0.000337206144358868,0.00499552660227999,0.00319261377725072,0.00209408979298064,0.00297692606150658,0.00524846553448757,0.000714699905097184,0.000647751594061196,0.000388138082863493,0.000124498430584777,0.000280220866181316,3.71854062285087e-05,0.000183545848035851,7.75245660465576e-05,0.000156315657975075,0.000381607606836904,8.35560456896102e-05,2.58566286130282e-05,2.12197228549712e-05,6.95507307877029e-05,2.39650657819508e-05,4.78800596852021e-05,2.15430349765065e-05,3.60848504869824e-05,1.93542653863631e-05,3.83458616051431e-05,2.56187290961883e-05,3.27546842890138e-05,2.60307469563431e-05,8.52638055288164e-05,0.000306751569838856,0.000163062007261059,0.00102440470723259,0.00159850026727185,0.00151583937273342,0.00057209889446795,0.00128640621590899,0.000235275307060629,0.000432174174263278,0.000239069034646417,0.000507583639235869,0.00103324088734829,0.00061252176430725,0.000345936418477793,0.000161785854144849,0.000744626694487581,0.00112467997122959,0.00153174619315723,0.000287835873792574,0.00230475162587666,0.00070147503972558,0.00159145020041528,0.000249904098219589,7.02012356081573e-05,0.000148732245208904,5.50362905907806e-05,6.56433497711872e-05,0.000133125519213403,6.58856898472731e-05,0.00038803953402276,0.000162642408218782,0.000447082759765395,4.6551664806283e-05,0.000174220860351496,2.86635112310476e-05,3.71860171292215e-05,1.4076675596462e-05,3.67402296814865e-05,3.21636616640747e-05,9.60390658710113e-05,2.03041559224632e-05,4.32401381727538e-05
5.71996862846415e-06,3.4519554188995e-05,2.70383901203601e-05,6.38726703256163e-06,1.09921443231055e-05,2.87114052232349e-06,2.30367336177027e-05,2.41106840426633e-05,2.9256408168927e-05,3.19382748644533e-05,7.77006994024694e-05,9.95698295212731e-05,3.47998239629513e-05,5.21964931139351e-05,3.08551625069672e-05,3.88646086670435e-06,3.34420081591208e-05,5.59653146722038e-05,8.97981920065949e-05,2.97031247480135e-05,0.000181189509035286,0.000443905501731325,0.000873395858696067,0.00047787565152475,0.000918272159038205,0.000770840458655241,0.000757501503049803,0.00152284236624571,0.00178719637895328,0.000778026359910729,0.000312588688803534,0.000246961301619102,0.000280654101288845,0.000212281800664004,0.000146408425099201,0.000248967551790922,0.000221131279580032,0.000192935417069153,0.000145860218775314,0.00014594414589035,0.000174331716190757,0.00021494120771835,0.000110799174762811,5.48672694721278e-05,9.64236876429361e-05,0.000542887043771225,0.000708667099173485,0.000305250117370269,5.95331375899521e-05,0.00252162250373568,0.00180782929176096,0.0020762009171707,0.00102733578347289,0.0024291422588919,0.00104299810443473,0.00110347673924728,0.000254119960759365,0.000790023445258828,0.000455775649458188,0.000381132003475443,0.00061544226719945,0.000106895377498577,0.000273198861193697,0.000290879849972861,0.000177575954099198,9.255654627246e-05,3.78164548568934e-05,2.2590617033038e-05,1.94637843247983e-05,3.87725721683621e-05,7.81390474218037e-06,2.4047381549375e-05,1.30464534069694e-05,2.38389778444184e-05,3.85175885874643e-05,1.86269654634882e-05,5.16274241575542e-05,2.30864171899201e-05,9.58199086919141e-05,2.7818891754751e-05,4.14017200947405e-05,0.000184123290372576,0.000136555151502092,0.000543204527341705,0.000570601822913065,0.000308285898053029,0.000834509875504428,0.000112988671648427,0.000240529365894231,0.000162561957236908,0.000185550391969607,0.000421246756593893,0.000182864690654458,7.51014173791417e-05,8.00069778632686e-05,0.00019745350761149,0.000186115263235874,0.000220517789661014,0.000110732777170435,0.000196750325846312,0.000310370168671255,8.95946593136946e-05,7.47747009719694e-05,0.000104195439633025,5.88422767034258e-05,7.49356074648568e-05,0.000120054178618153,3.06878706655387e-05,2.70265993397914e-05,5.2286619741648e-05,1.88312702518432e-05,0.000130813316862228,6.72544993074371e-05,4.66468489587973e-05,3.57108749079838e-05,1.78428142445056e-05,9.61287605345149e-06,4.33322050321101e-05,2.80308475461677e-05,4.13046359187204e-05
2.379303781519e-05,1.40434077905541e-05,2.10832541136178e-05,2.53611570610407e-05,3.03876322943852e-06,2.43591042879498e-05,2.33426695576377e-05,2.33324434133625e-05,1.74383046344107e-05,0.00011468705144337,0.000208491597565994,7.61045535673934e-05,7.28389483593003e-05,3.75733329903544e-05,2.73656980669454e-05,5.86832353345099e-05,8.72738518608231e-06,1.84415039557443e-05,4.25808472039418e-05,0.000215704029168535,0.000376084760976936,0.000588307913770057,0.000411700614302804,0.000960010030772472,0.00104070686368647,0.00365103272587923,0.00309596715412605,0.00273390577234123,0.00282270666116716,0.00178660037101931,0.001121358297525,0.000902587133172069,0.000205084685385888,0.000370354209354177,0.000202708936693415,0.000100670709562744,4.97928456349784e-05,0.000276127021705452,0.000132757440741989,2.93286978592511e-05,5.19170745693718e-05,6.68183573326772e-05,1.65997702711473e-05,7.23963906236432e-05,0.000124608417481628,0.000742178397371983,0.00103867346671882,0.000782797627964546,0.000170604435757865,0.00129851278304302,0.0039527733941145,0.00228883261090487,0.00135520197275936,0.0019305553399543,0.00107753873149823,0.000792524261109141,0.00105186234816405,0.000595229733502504,0.00105210750432073,0.00070833259793822,0.000271374230275314,0.000354718349394191,0.000140918578346024,0.000215049806036859,0.000149149134697221,5.37944265019594e-05,7.66437492647968e-05,0.000141559960054431,3.72622098959254e-05,1.96658157180548e-05,4.85671565716176e-05,2.66033898241475e-05,1.59483284752506e-05,1.55161674084564e-05,2.36831638801678e-05,1.11982037638234e-05,3.21346820885572e-05,4.09456054162691e-05,5.09070327855188e-05,5.04500166433222e-05,0.000598364743579318,0.00021200729273557,0.000967375939691238,0.00098567706111095,0.000259210269849737,0.000353893486415558,0.000670469039757758,0.000876357975253913,0.000313401665412639,0.00111248705648194,0.000356648799802071,0.000607519055652168,0.000290247185529501,0.000630926046809731,0.000270867701181411,0.000543512026329815,0.000241030154411546,0.000284818775785216,0.000106097312898387,0.000219735782429215,9.6930837312673e-05,8.72092272314001e-05,2.73789795460486e-05,1.2591725326991e-05,3.3109405889789e-05,3.85461212597825e-05,3.66672050981932e-05,5.45148809533875e-05,4.33498358468216e-05,8.62995643490212e-06,3.91795535486762e-05,3.92940565766101e-05,1.18425373076504e-05,1.72906563816966e-05,1.75956840347465e-05,5.305072144379e-06,1.5298590144383e-05,1.27095269751844e-05,1.19933029946173e-05,3.09793796975212e-05
3.80493637738437e-05,9.24802072013763e-06,3.4875422421661e-05,1.85192627730965e-05,7.45276107402023e-06,1.72479956687101e-05,4.10805569198161e-05,6.08797996553282e-05,2.49133111893705e-05,9.6797114019957e-05,7.79575345768647e-05,2.35031960060593e-05,9.32014105188626e-05,3.55362025569223e-05,5.90762866695207e-06,3.26755265892589e-05,3.60868525843592e-05,7.57255382260502e-06,0.000133811315059465,0.000269972720559097,0.00033705438248684,0.00164711184259694,0.000584649289926187,0.00190150050595313,0.000579609258454357,0.00128300604537391,0.00051915970366237,0.00109737745279043,0.000841736543984307,0.00166249738158392,0.00041985117715935,0.000337828285351806,0.000643814088987693,0.00011413562642202,0.000164336084949027,0.000144702011507795,0.00033008218119482,5.7304137149775e-05,0.000135594376513875,1.0584842117586e-05,3.70362110651881e-05,1.67549442634821e-05,4.55301075824138e-05,0.000125754498627453,0.000109930240596663,0.000344523656182507,0.000689688546144894,0.000402283009398353,0.00124464620105211,0.00138497575743686,0.00245977576551885,0.00274714850945914,0.00142043379483637,0.00328808634341544,0.00113019844229882,0.000891410194272232,0.00238004097187771,0.000350209270676746,0.00125872927619737,0.000443941112555219,0.000118646128799889,0.000728397538460075,0.000204342505988512,0.00104362011063983,0.000512939941890333,7.27290562497741e-05,4.34190729088941e-05,0.00014030605666906,4.94890298699682e-05,3.40630812351549e-05,4.03244188286904e-05,1.20799078215748e-05,3.27722788627351e-05,3.71708033629533e-05,1.49890601704865e-05,7.08055268684391e-06,2.54921973570486e-05,6.04693483009956e-06,6.93815266196436e-05,6.172975027752e-05,0.000160656193102098,0.000143742624928061,0.000296423905364883,0.000732129294458071,0.000446169453544827,0.00011724566670488,0.000294638175490668,0.000789233414472698,0.000406080817723038,0.000206391797798783,0.000480479717628372,0.00054464279496514,0.000475865772672677,0.000207184210578485,0.000536049012092348,0.00028529575042624,0.00053917823848192,0.000466540709495007,0.000111018469921889,0.000632282994316657,0.000422589662367601,0.000140118328356491,9.34063549049749e-05,0.000102588571868601,7.76964530120718e-05,9.9761250781094e-05,8.63420145617958e-05,6.42691215198102e-05,2.54571260111868e-05,2.27890484310085e-05,6.16021034662041e-05,1.46699815504134e-05,1.80957811652276e-05,1.46025717006131e-05,1.72037980230394e-05,2.56110628182598e-05,2.54508549970168e-05,1.51163639466947e-05,1.16001835776798e-05,4.23592818981485e-05
3.98888096578234e-05,4.74442634212886e-05,3.48585748024412e-05,1.30517212019498e-05,1.13891993505023e-05,7.77459964184752e-05,3.75938465668322e-05,0.000225367233012961,8.72945287247003e-05,3.25761292281961e-05,7.23327660350162e-05,5.25026950627142e-05,4.87587255397527e-05,5.06539056783649e-05,5.17675009991282e-05,1.07227529825373e-05,7.14829789104974e-05,3.95337846616522e-05,0.000105535786642115,0.000291771861851185,0.00185627657020781,0.00268187147218342,0.00177006461042129,0.00136706270936261,0.00555741849906646,0.00400379943517117,0.00409773406157503,0.00233947095478534,0.0028348806935972,0.00153408230266592,0.000621701203013525,0.000319321565924519,0.0013269209245511,0.000742377421673243,0.000242929930108711,0.000484341776924913,0.000345441686739854,0.000661446963211117,0.000115852780548865,0.00013752364390594,0.000215474622001947,3.71163431487513e-05,7.97170269877058e-05,0.000201743780179453,0.000477048807819241,0.0008960756833541,9.81917085863936e-05,0.000567518940123125,0.00437771808903633,0.00416032567605846,0.00469007863279707,0.00423403910650599,0.0012417440588094,0.00325504886411046,0.00248643346154057,0.00363733256294325,0.00230167148627039,0.00128492903010404,0.000495632638736841,0.000534000711923808,0.00112368671662688,0.00142138320281587,0.00283763670805539,0.00838644417094687,0.00346258139048426,0.000334543819734478,0.000284197822363116,0.00118396865367111,0.000135299044879315,8.98430953398647e-05,0.000306410439379758,7.60882892401897e-05,0.000332093209993964,7.3410437771457e-05,0.00010772559124258,1.86808366960967e-05,2.40891489504244e-05,2.48471969693086e-05,5.91976977054101e-05,0.000127142774345621,0.00044881801680757,0.000326589500521507,0.000581436213326522,0.000593685368801277,0.00175519830975773,0.000311835613244215,0.000333221663142077,0.000905522612242201,0.000611422571555116,0.000212764297416861,0.000604468779163695,0.000686333643462757,0.000964359626600987,0.000454161133653843,0.000583276910191963,0.00160187796919849,0.000493328911616546,0.00108064180422923,0.000973173820677182,0.000200428486777375,9.23788776033329e-05,3.37455612413634e-05,5.81552085107329e-05,7.22008275987055e-05,8.28931703026052e-05,8.2848603210797e-05,0.000122930495471453,5.05103719337633e-05,0.000226507178021992,5.0653864156476e-05,7.93461660105936e-05,0.000114885132500177,1.53669469345002e-05,5.63180568724822e-05,1.57621914629717e-05,2.48162680820034e-05,3.98130575188693e-05,8.37196419369143e-05,2.47898751109499e-05,7.5915037440679e-06
6.92478273357994e-05,1.02527849057433e-05,8.35519124762006e-05,2.60553651031939e-05,8.50369600274498e-05,3.55423060024906e-05,5.51296661332142e-05,8.71359170624527e-05,7.00898290667002e-05,7.72596720508203e-05,8.10820625452768e-05,3.16378750482846e-05,3.93085575930688e-05,5.35002999173113e-05,8.38773701984786e-05,1.444269665961e-05,2.75957577949979e-05,1.64415241004483e-05,6.32476080900759e-05,0.000106999962103596,0.000823780474202802,0.000881776588733347,0.0016806799248587,0.00142236756366349,0.00110099898231672,0.000901466692878974,0.000578014344513275,0.000926733225979897,0.00142514075155303,0.00070015805506275,0.000493094695012411,0.000198613216361071,0.000137709935947318,0.000261467261156896,9.18456365983775e-05,0.000147633640113851,0.000224291376819599,0.000108888744355489,7.88248277369637e-05,0.000109389201785972,7.39367119752376e-05,2.07799162205587e-05,5.03169781869822e-05,0.000188482287495053,0.000119428121009505,0.000440544786946463,0.00106090658032618,0.000340242563060906,0.000519575498256639,0.000537275768078892,0.000763790029120243,0.00165232615051583,0.00154582897261004,0.00340411678181565,0.000840294330338587,0.00195123139931457,0.000580341630999874,0.000300620436258772,0.000264718399267894,0.000740383012520839,0.00178538397478873,0.0016921448279671,0.000386765531475912,0.0025184130120707,0.000227873440755979,8.7181657044865e-05,0.000460304266367034,0.000171682103358063,0.000168302836200058,0.000123349413568863,0.000223405805398272,0.000115563930688101,9.84112723088516e-05,0.000102309682264801,4.60514703718859e-05,7.60878636264283e-05,4.83673510341632e-05,4.90074818021516e-05,0.000134173491395185,0.000133777755279469,0.000259342026621239,0.000230207437428271,0.000236663960509042,0.000107523550357049,0.000251634142663267,0.000322639752542816,0.000223131700630433,0.000182455314189846,0.000643280042995839,0.000265969275532336,0.000210336509276535,0.000311213384645367,0.00024807223365334,8.81998331874544e-05,0.00029108798396964,0.000132567129867206,9.74737571911086e-05,0.000134978415623224,2.82100134726001e-05,0.000225290961653343,0.000237902496760663,5.91294296433842e-05,6.95520662792769e-05,8.12641628822219e-05,7.14990799880249e-05,7.38521473738151e-05,9.07771215569552e-05,9.51101789407829e-05,7.05393781220221e-05,0.000117889700640333,3.51721487062277e-05,4.39485268217018e-05,6.30503130426004e-05,7.50026240076145e-05,9.88488059528601e-06,3.35051558065949e-05,6.93646815341877e-05,2.01546208908675e-05,1.27828309595687e-05,0.000119526655598198
5.48625541685627e-05,9.85838486076842e-06,4.35669949691593e-05,9.2437612510615e-05,7.10427783895281e-05,1.89044140299987e-05,1.80387558048369e-05,0.000102842742310633,3.42913967913993e-05,6.61568241076252e-05,4.24370536516287e-05,7.3974892915426e-05,5.95033302555175e-05,1.82271387062924e-05,5.69772239104745e-05,6.53697710938975e-05,4.93517433286423e-05,6.73653331978269e-05,3.67475785313146e-05,3.41025417435541e-05,0.000462500553948454,0.00014081530786548,0.000349179564239281,0.000191772315601613,0.000657220270252964,0.00047885631676169,0.000448376167983821,0.000549526409894886,0.000219298419346264,0.00029315842566272,5.59290221342874e-05,9.85263374108147e-05,0.000174590662977122,7.23778297737633e-05,0.000140034313320226,0.000192879770604414,0.000283612272350221,7.88291778031092e-05,0.000210230670302668,8.18618984444387e-05,0.00041744533269763,5.80081289166406e-05,7.95961847310765e-05,7.53951584210155e-05,0.000297693924519024,0.000262061197654543,0.000143929467767173,0.000319227745045635,0.00149934445136033,0.00157851497715822,0.000780820721284491,0.00232709966337048,0.00186557418872805,0.0010872196373897,0.000788061986477623,0.000521165117305794,0.000813203073587946,0.000260446291455793,0.000700057186872014,0.000102725684300593,0.000202402469074404,0.000808779538149651,0.000288288750012458,0.000804006113115814,0.000807303820909258,0.000299613538973517,9.37744768753272e-05,0.00056367261815223,6.50049519645865e-05,0.00025002374286532,0.000388564564028861,0.000295988035061362,8.48342915240729e-05,9.9587917843706e-05,1.6875291863157e-05,2.98513095712938e-05,5.67466392538448e-05,4.49734583088268e-05,5.70607807142304e-05,0.000148869236920839,0.000248696530564797,0.000190858700493293,0.000123835801567827,0.00026593780972011,0.000293221548894006,0.000661345336577461,0.00010381357560667,0.000293674865490702,0.000272918268982308,0.000600577741470873,0.000103238953626872,0.000470964619253517,8.90918521788287e-05,0.000348851209586123,0.000341595893954311,0.000131738562624703,0.000133612966973809,0.000146734682171043,0.000287555962365393,0.000244712552361658,4.19144956866332e-05,7.66107226702605e-05,6.9700538065972e-05,2.04923013261566e-05,7.46539239125515e-05,4.06519900813889e-05,4.33337973471339e-05,2.67698875419744e-05,2.77977819934518e-05,6.91491618535265e-05,9.15555347911396e-05,5.37868539671252e-05,0.000148407647596397,4.95090366791403e-05,1.48974389909573e-05,4.02885217353374e-05,0.000100487532930102,0.000124586713734581,3.54510869911609e-05,0.000101049428252921
9.26912382929492e-05,3.34485368031856e-05,0.000120024555693921,7.24322779133749e-05,0.000132564984353323,9.94820807861228e-05,0.000161613154643058,4.16906125915528e-05,5.64481252786273e-05,4.37830277869697e-05,2.23811519028527e-05,0.000106518691891137,7.01997980014613e-05,5.06480337322851e-05,6.20916309541392e-05,7.54514669913081e-05,5.32572345406649e-05,4.05983402473539e-05,5.40006782750731e-05,0.000130658108142077,0.000198102427526021,0.000101480626135984,0.00015122956884518,0.000404294240613476,0.000360569428509218,0.000226052794821823,0.000330836943808412,0.000409342244429151,0.000207790999813588,0.000314647857546243,0.000168359381357386,5.0314311234245e-05,0.000137427784939473,5.37926245286385e-05,2.27329115576263e-05,0.00021152333925712,6.62820265954883e-05,5.31368477433957e-05,0.000109610777696314,3.18660457722866e-05,0.000163162667129854,7.33777811199246e-05,2.74594637781097e-05,0.000101328074450469,4.03695089546246e-05,0.000114809171645628,0.000132172308566688,0.000187735431794326,0.00126186826475636,0.00254498889031688,0.0028789477485126,0.0011958393400078,0.00115008201697722,0.00143012523455426,0.000600471003095927,0.000579901403318943,0.000331839658478458,0.000392411045837885,0.000108433453719769,0.000653672803269421,0.000671950892047058,0.00131033790163736,0.00181540538010848,0.00223371935423323,0.00206199591294362,0.000551954787376723,0.00194808671871803,0.0013240919722513,0.00225451091465845,0.000897187550537379,0.00112913485153075,0.00132408767139708,0.000656045074081883,0.00038735582053254,0.00022147765126,0.000691469129306416,0.000129251663902883,0.000101598506411185,0.000200655222748298,0.000102925592857979,3.29428770186539e-05,0.000100429913358368,0.000213536735267143,0.000150444716251713,0.00012128305758264,0.000273303772372926,0.000252403451513978,0.000178961713628801,0.000132938573175148,9.98659946912106e-05,0.000234333377188526,0.00011006994010082,7.46805398025451e-05,0.000146779549431656,0.000106093449958679,0.000124368023335242,0.000150624631902013,0.000126994787678807,0.000188344546546363,0.000162893630490824,8.2942154437608e-05,0.00011048395722254,5.50794380372572e-05,0.000100489414199506,1.71900874952627e-05,0.000165298544646683,8.29334846911159e-05,5.58553951670455e-05,9.50665721148819e-05,5.1337182478206e-05,5.71222335829625e-05,5.93517776401164e-05,4.58069318639706e-05,5.73712520726078e-05,8.86057610764145e-05,2.08929124942318e-05,0.000145595537740457,3.71600108410381e-05,4.43391223295229e-05,6.2484179827594e-05
5.53196051932746e-05,6.18635950772286e-05,2.60905911821423e-05,5.7103512571611e-05,4.08506385317945e-05,0.000104026822623643,9.66276190090009e-05,3.04558473286634e-05,4.46330761608222e-05,4.1701963378942e-05,5.7466549493067e-05,5.22445032588786e-05,2.96113463033512e-05,5.75479190739499e-05,2.07110047168967e-05,9.02827046919158e-06,0.000108181722569561,8.79321604407087e-05,8.51842034463601e-05,2.84185143691892e-05,0.000345212265565406,0.000179552620685081,0.000359859846972147,0.000340278994148451,0.000157176863479748,0.000382428191256467,0.000403366625499374,9.26890011812104e-05,6.96052382458201e-05,0.00024687248963287,4.23233649172424e-05,7.22228665126993e-05,5.55656293768009e-05,4.91361904489364e-05,3.05335898478908e-05,8.1746330574975e-05,0.000200537177572103,8.66385612044763e-05,0.000118247369929164,0.000120978861238019,0.000256896308748468,7.62984061758401e-05,0.000145258798488486,0.000134001626529406,0.000194001630450152,0.00081980163111162,0.000344642643224949,0.00018325585005729,0.00117639512272944,0.000923556978471822,0.00386826494175785,0.00162935747003621,0.00183327715289895,9.82658327003249e-05,0.000311113533611204,0.000282845371609822,0.000331344217146743,0.000330724547733628,0.000246336696683314,0.000317536003894458,0.000520427837984243,0.000858137296358657,0.000886859192703359,0.001085907854596,0.000955266966761781,0.000907631730032029,0.00172905947850482,0.00160883848693562,0.000769987785775339,0.00233929085891157,0.00286192391214707,0.00119452666294415,0.000313197961497594,0.000409121754355664,0.000507492907695593,0.000468582908800439,0.000448205554822982,0.000138859179654606,0.000264270104251634,0.000306073638119192,0.000189577164297096,5.19599827606589e-05,0.000212378540520917,9.26762593322307e-05,8.07894858007659e-05,5.9097868984375e-05,0.000246769186513814,9.85338252522021e-05,3.56905791358162e-05,0.000129893094646323,6.3662861772641e-05,1.97094324104499e-05,8.39187012873155e-05,0.000126009552022536,5.43075725297017e-05,0.000101579581607831,3.65564670930752e-05,7.72766855522056e-05,5.26291225639394e-05,5.99009056623768e-05,6.60265590617737e-05,2.18047733941622e-05,9.16983370740601e-05,2.28175090007776e-05,5.21881052250347e-05,5.84961233414969e-05,0.000198307674585932,2.4477598169652e-05,2.85948052267527e-05,7.39030340175599e-05,7.23050549785842e-05,3.71306885707704e-05,3.77058148695311e-05,1.87382855967812e-05,4.88882302701613e-05,2.14218950242555e-05,5.97119003320547e-05,2.81686171851319e-05,5.84037533390146e-05,3.60708778468076e-05
1.24856422996699e-05,0.000108932221999514,1.5646775299367e-05,7.79180591020419e-05,4.79719526228686e-05,2.14284013276925e-05,2.40264525948583e-05,3.67917645790551e-05,3.62636474164486e-05,3.11086768876985e-05,1.72645537029574e-05,3.36619954417479e-05,1.4273355952564e-05,1.50752943236833e-05,5.39917271654163e-05,1.74232813772444e-05,3.17507175633362e-05,4.67722282395497e-05,3.45425307023365e-05,3.68960700147629e-05,6.29391825743812e-05,4.05625113732805e-05,2.21689489334883e-05,8.70359382111704e-05,0.000118604604215329,9.22573809596088e-05,3.16894007587615e-05,5.58942225925877e-05,7.57938536679916e-05,4.36895740680993e-05,6.47525047536264e-05,1.78109353530795e-05,6.32477997309953e-06,9.34080088145249e-06,4.62617576152732e-05,5.85651468064487e-05,7.12617128582802e-05,0.000103063601224863,0.000226985761749933,4.77318948786227e-05,7.46814610079729e-05,7.93883705196342e-05,9.97032686937268e-05,0.000237070432114112,0.000117920350809672,0.000484757273427958,0.000385354289145314,0.000164795011021037,0.00074338857445152,0.000680786139484689,0.00449293784277867,0.00111558161135773,0.000558059533669034,0.00127694895366195,0.000261044910602022,0.000202451254491726,0.000306045454791531,0.000121399606428835,0.000127495208577319,0.00015296454608257,0.000635578518483931,0.00103004939775255,0.000658863003655107,0.00163869622179233,0.00275360595192771,0.000846514036692292,0.000998672749191806,0.000881748562622069,0.00116684568225967,0.00153777226735314,0.000794701828288972,0.000772118319203008,0.00059917784534627,0.00113506123833918,0.000288652676577189,0.000144930481380188,0.000388810474686919,0.000310237314918476,0.000345779871590069,0.000138201426777149,8.00790479898377e-05,5.10237598088059e-05,0.000245870201556264,0.000222352191275993,3.59330009869665e-05,9.088755439931e-05,0.000175130815552927,0.000189625165973044,3.53266730693862e-05,7.20800099834619e-05,0.00012709617391849,8.49462242515228e-05,0.000145319835275844,7.63039943065323e-05,0.000111380155619147,0.000101249248947408,0.000152833102484137,6.89180613718622e-05,8.61438182298398e-05,6.68486893093715e-05,0.000182679845743161,0.000164353341805664,3.13826197747969e-05,9.97209238329792e-05,1.67073512543332e-05,7.62635897337668e-05,4.13827026693014e-05,5.90095045898544e-05,2.86684091059125e-05,5.66030165556737e-05,2.63366032803371e-05,7.0212796776289e-05,5.07926318714109e-05,2.69284598651304e-05,4.24713900712017e-05,2.79218475702026e-05,0.000123996325000039,2.36425903030692e-05,6.98042059847581e-05,7.67186875474807e-05
2.60965932061881e-05,3.7128285391517e-05,1.35011323937336e-05,7.18123447685584e-05,6.53668665280735e-05,2.91297280804011e-05,1.53357177475917e-05,0.00010397762179434,2.08979359269254e-05,3.16765446984143e-05,2.56229364877917e-05,3.09584973643184e-05,4.05332539749811e-05,1.18695884834338e-05,3.53882397920165e-05,9.30105589634759e-06,1.5874565722486e-05,2.66443363029135e-05,1.3951096001893e-05,3.6218205641815e-05,4.86386636652304e-05,4.22118127079763e-05,0.000267064399035202,8.60301466457591e-05,5.35018425792742e-05,0.000121974000663535,0.000143631194488014,0.000152074590132514,3.9068456362608e-05,4.51777148369515e-05,0.000141124908685196,2.66349986323778e-05,4.2158601136051e-06,1.78241755499278e-05,2.4138026777205e-05,9.35068542620098e-05,1.34998808280828e-05,3.94307554675239e-05,4.12094079909241e-05,7.80962183288405e-05,0.000109272710497814,1.2235575744583e-05,7.29444054890247e-05,5.42419258812786e-05,9.72896325782153e-05,5.72289956618875e-05,0.000202429279214118,0.000298920064964374,0.000480180571453497,0.000782598918788221,0.00304482771317277,0.000805468887005484,0.000534516457851269,0.000532407500276337,0.00102155485573973,0.000138826877513832,0.000454704932572316,0.000515726949331707,2.14500942506534e-05,0.000204019366911757,0.000328391645945823,0.00143036571287477,0.000824684292896542,0.00128286690318375,0.00170905065536429,0.00166892638317674,0.00185210387230194,0.00315429105975367,0.00172934263582488,0.000570563006404635,0.010905206550278,0.00119522185344503,0.00246989344581931,0.00110349282121691,0.0012732132904066,0.000206790196875476,0.000348514088893098,0.000705322755384945,0.000561722267771983,0.000439585885997053,0.000186127724521438,0.000125121551418278,0.000291698582019754,0.000205508699664561,0.000284718619690884,0.000501184133222803,4.95393521505966e-05,0.000430473185990472,0.000409892902473182,4.4291247759887e-05,0.000172326254870326,4.44783910063973e-05,0.000403602367912979,7.0706315470312e-05,1.62696309158385e-05,0.000102522125796135,7.67934100998215e-05,0.000181845725963798,6.9912038062599e-05,6.7583699318578e-05,0.000111153504330132,2.35498500891201e-05,2.90550766082201e-05,0.000100148702842274,2.9003757855155e-05,2.47554150461306e-05,3.63566196259799e-05,3.08869251133247e-05,4.61107277748923e-05,6.54376995029872e-05,5.71589161370375e-05,1.88695717914185e-05,3.15046387382525e-05,1.772477406633e-05,8.62556628478592e-06,1.05771979749114e-05,1.45723814516381e-05,1.32887432558786e-05,3.48573892131495e-05,1.75176989370672e-05
2.89795681191361e-05,2.36252544705604e-05,5.14342567219752e-05,1.46280652096427e-05,2.43560093121615e-05,3.38114188433893e-05,1.62866906004767e-05,3.9998785289743e-05,4.11807342909627e-05,7.41324302338147e-05,2.20578216671903e-05,5.83615119385837e-06,3.71602899268102e-05,2.79215118582588e-05,3.67781995010083e-05,4.86473932689231e-05,4.35438495391473e-05,4.68533555333759e-05,4.94747688184307e-05,9.6632842658737e-05,9.31263855748626e-05,0.000164229768973359,0.000121710910133747,8.81125382900132e-05,7.13527953188869e-05,5.39531910373964e-05,0.000118546473304932,0.000105626722669747,0.000298567328582246,0.000170158628855982,0.000161679667386619,3.96781781416263e-05,3.81658105538187e-05,3.98093455632808e-05,5.05729236350631e-05,0.000171939866621821,3.89925019732564e-05,0.000190069173675209,0.000191772648786656,0.000132162272186687,7.88266184484841e-05,3.4907232120431e-05,2.31220908776091e-05,5.15308184021817e-05,7.64546447117121e-05,0.000192793138482281,0.000294453274622399,0.000289501026220455,0.000314935698811306,0.00139714261705977,0.00109312991679693,0.00152014764552134,0.00148294728480007,0.00110383284639709,0.00045505706960444,0.000374610147297521,0.000556765259548044,0.000606120053269502,0.000333122053508888,0.000408571252417369,0.000432197590965627,0.00137069251105334,0.00126047121353722,0.00132565749544681,0.00463387602910945,0.00392929182960447,0.00262081718403718,0.00392897182398934,0.00541727487809311,0.00213833018521282,0.00416838835544036,0.00395432038704217,0.00163499579020688,0.00159552679504465,0.00179744348658529,0.000518986735438197,0.00116100256080241,0.000328037726107051,0.000121255898489047,0.000696724803358234,0.000419209578697434,0.000214745101317864,0.000195031864239531,0.000183460589938685,0.000334505599350899,0.000331980680511353,0.000244748053987749,0.00020575407439282,6.41798680612653e-05,0.000110119751462365,0.00013751566527739,5.32328498125641e-05,0.00011785467657511,5.1181588039437e-05,0.000133894482190727,1.76889820565582e-05,4.19828744109201e-05,0.000292573677735088,0.000353189595186358,0.000106648758639241,8.12194514436768e-05,0.000122050582412986,3.97851199738567e-05,3.62218173120533e-05,6.61089620328146e-05,3.65739215461139e-05,5.25412297081253e-05,2.72686679556414e-05,6.8286457609444e-05,1.4809678047288e-05,2.42480427946696e-05,2.78822550952121e-05,3.54424461656454e-05,4.06548660649969e-05,2.4878785196373e-05,3.70055487594963e-05,3.91170780443918e-05,3.90332279060464e-05,4.30380472935557e-05,4.02493836386846e-05
2.9189585375347e-05,6.28663396613371e-05,3.28847968683186e-05,2.54599079363009e-05,2.8317462629473e-05,1.56215764892439e-05,5.11731059625413e-05,4.4309876395655e-05,1.43877329717346e-05,1.48497602175777e-05,2.13488508919025e-05,1.89995705680226e-05,2.64231750340041e-05,2.37625624028263e-05,1.67378506728925e-05,2.84557665318237e-05,7.6758496942269e-05,7.73761817126977e-05,4.28626730854176e-05,8.75731389876037e-05,0.000164586445997077,9.39602351790063e-05,6.8339198834273e-05,0.000145931745715488,6.25038343601685e-05,0.000152184727717419,0.000140292605747345,0.000108396779649459,4.54869631592141e-05,0.000248409654582826,6.25327672312493e-05,3.64937717879264e-05,1.54076527741778e-05,2.74195131492148e-05,3.5715376018557e-05,6.56897538155449e-05,3.3584006802241e-05,9.10507189378647e-05,9.79973379647916e-05,7.15902408910451e-05,9.5510736408702e-05,8.85069370247249e-05,8.59276991618034e-05,7.22716128385577e-05,4.07473888130219e-05,0.000128277991540144,0.000247998738193582,0.00011829346040179,0.000128524267354386,0.000896804274554969,0.006265087084406,0.000842087217982519,0.000742087746369856,0.000742812217834053,0.00110864336245662,0.00061015190810365,0.000325370056731632,0.000132061140437093,0.000118814954068104,0.000274085772098975,0.000399689888049916,0.000503654165576883,0.000769808834619087,0.00194419531224168,0.00303265388736657,0.00511677386810939,0.0126458960792789,0.005145653386272,0.00907445522099809,0.00476765601952914,0.00574729223602251,0.00171997401814519,0.00106516970737287,0.00114546799594558,0.00113832442269919,0.000989457744220222,0.000946273635629138,0.000286021631917823,0.000422560602272519,0.000182815905525897,0.000199048987312612,0.000217215706943768,0.000502351802374912,0.000513721521679926,0.000325474062756607,0.000312887582650126,0.000286895279754416,0.000289955613794856,0.000335250216599167,6.77008289745954e-05,0.0002359559936204,4.55863937632701e-05,0.000167760224005677,0.000113822595987942,8.26835668086386e-05,0.000127967067957404,0.000108820793292646,0.000275343848689992,8.65137083844107e-05,5.29969319467258e-05,0.000101124304832855,7.04822233865914e-05,5.74504671893578e-05,6.0341525080383e-05,3.68259915681227e-05,6.19755442596672e-05,3.31063997493874e-05,2.24380942318e-05,5.31475245176125e-05,1.41508219496617e-05,0.0001376605805085,2.18844954270212e-05,3.3424196808531e-05,1.01337851987363e-05,3.63621507799569e-05,2.33401964755931e-05,3.58511546808986e-05,6.53065702696916e-05,2.24753798373006e-05,2.15273784935993e-05
4.99717910413852e-05,1.90903193686533e-05,1.29770127725288e-05,5.59307551068929e-05,3.91486080169325e-05,6.95308303690136e-05,5.6117884176264e-05,4.13133097848629e-05,2.51992250605738e-05,2.42042510412489e-05,3.895211418947e-05,9.60277717675546e-06,1.36185032139245e-05,1.8137421347533e-05,2.74943174058618e-05,4.71788245389331e-05,2.27349211829746e-05,4.2090165201045e-05,3.722090375104e-05,3.51832233851375e-05,1.74857687116454e-05,5.80838398664718e-05,6.4805332377685e-05,4.21389590400465e-05,3.44890741275217e-05,3.04387316080437e-05,2.27394937338247e-05,6.27079367150373e-05,6.32225583734711e-05,1.90561562967331e-05,4.7471966073378e-05,2.12137786850416e-05,3.95257942860748e-05,6.62303481833794e-05,4.64395218075217e-05,7.51066785512545e-05,0.000119831775404608,7.66344363038133e-05,9.51007808651533e-05,2.0977984800382e-05,4.4790858277476e-05,6.11897324750282e-05,6.9824474371754e-05,0.000109751778436488,3.5590080971931e-05,7.66600424256672e-05,0.000128472082945879,5.78279806499422e-05,7.9983282517363e-05,0.000554972882595409,0.00188018036639501,0.00117505613270309,0.000361294217862181,0.000364197100958671,0.000156042036458891,0.000237309070686066,0.000198831914977774,0.000335158494185981,0.000181369771873012,0.000181084834211282,0.000549670692108027,0.000718382636633199,0.000639942781779846,0.00178675526648494,0.00313763030429804,0.00224306449533441,0.00455794232268617,0.00159723822918274,0.00243907254318675,0.00334906131080298,0.00755912608782059,0.00338002026882574,0.00149260154160272,0.00125277462845963,0.000919274699696906,0.000353780258825655,0.000405886132572461,0.000148407538280101,0.000399668041340046,0.000331830250905999,0.000144626002990545,0.000203366540957213,7.91458326626633e-05,0.0001618958551752,7.44667564618569e-05,9.87008896509817e-05,4.02803439292144e-05,0.000115512600974553,4.70716850424394e-05,0.00010979110382903,8.70255880499135e-05,2.87499921142324e-05,9.74481454066006e-05,0.000123850337461197,6.17143156224075e-05,4.65305472385192e-05,6.38248991224627e-05,2.10503840702855e-05,7.03792412705809e-05,7.5814462119259e-05,8.29789182086937e-06,8.43217592872535e-05,5.28134800444926e-05,2.61290085501663e-05,4.50023620188881e-05,4.92078098920442e-05,2.16443347601633e-05,4.69610378498671e-05,3.80064223884647e-05,4.64000538940968e-05,3.8027597662121e-05,9.03584807525195e-06,3.50716187423568e-05,4.4730223005262e-05,3.6170164993817e-05,4.0545702053313e-05,7.20492360399763e-06,4.17665315560389e-05,1.57441982534189e-05,3.18892409060832e-05
7.61090157830378e-05,4.77188733833109e-05,4.43748000857477e-05,9.00061754248898e-05,0.000163965648275986,6.43880678629747e-05,0.000148688634994382,5.47065898299835e-05,1.12718277136261e-05,5.02856206037298e-05,3.23618357138138e-05,2.58114737436569e-05,6.00956357918618e-05,6.65284338829054e-05,7.34383638947616e-05,3.94447331028442e-05,0.000184975347727062,0.000318304295688698,4.22838980321704e-05,2.85301765341189e-05,0.00010794598997681,0.000186621023112756,5.43782621759777e-05,0.000186453476030376,7.54695093959222e-05,8.95720362508053e-05,6.20621889528695e-05,7.14798071713562e-05,0.000108243296069444,0.000133725161539699,3.60617396211337e-05,5.83946805494388e-05,3.94512628264461e-05,4.26173981240665e-05,5.9845347884439e-05,4.50796737362793e-05,2.07335771410303e-05,0.000138357782910914,0.00016117286779781,5.59842396315478e-05,7.18153628288585e-05,7.50251872098181e-05,9.61115347140688e-05,5.87542068567384e-05,0.000190619305783554,9.04982436181207e-05,2.75428736580448e-05,3.78143716723045e-05,3.75128225813195e-05,0.000192076476979855,7.13110561260654e-05,0.000109950947787874,4.71087336796021e-05,0.000101181606411006,8.17744230303706e-05,2.92659584881827e-05,7.36880834083165e-05,5.9948292500062e-05,0.000190107873189237,0.000784910573147743,0.00188773906712142,0.00162530883439204,0.00237977250908577,0.015541176608152,0.0123818669049594,0.0023684767655857,0.00749748496141701,0.0295478037249378,0.00721328345453779,0.032323522040625,0.00295843070110379,0.00778810850069043,0.00434616465654337,0.00286641043520338,0.00667115405793158,0.00299556909417795,0.00351030268461739,0.00107932174125727,0.00153718371519802,0.000519156883108271,0.000430184863477288,0.000705287897228488,0.000281323752529626,0.000235230425921332,0.000164482918851398,3.58490276621041e-05,0.000157067487302827,3.67023919074892e-05,2.14686743808729e-05,9.92952498776271e-05,9.59866371828919e-06,0.000105658892962068,0.000172963292069559,1.53089630932658e-05,6.78504418055932e-05,2.13467799328312e-05,0.000102441421619841,0.000187225340180311,4.25671922016943e-05,7.96552099820679e-05,6.83338827781824e-05,0.00010868404210411,5.59817277274956e-05,0.00010311122494279,5.11013254123246e-05,4.04938797888184e-05,0.000241675201089531,7.00011988484513e-05,0.000160339161844326,0.000138450796226973,0.000178540923898507,3.10939832787963e-05,7.4929570832353e-05,8.48368922448776e-05,9.35668793609058e-05,1.15956549058619e-05,4.50512532154191e-05,0.000102771656630213,3.79377316854845e-05,6.67351209937375e-05
3.8691684881269e-05,0.000101972791124053,0.000313413237230439,0.000115282236703336,0.000453327157493736,0.00460880671160486,0.0128478859129112,0.0230897653996446,0.0189188534692763,0.0117929250596602,0.0170989340782996,0.0150115667463942,0.00969704204795138,0.00602719032412383,0.00550547379962455,0.00415516374731009,0.00135036594254976,0.00111578585145915,0.00214258007865587,0.00669366041507857,0.0202057689205546,0.0233494658393517,0.0249935300056113,0.0117012802382114,0.0108725110047155,0.0148053173585899,0.00714991454945218,0.00782999728999251,0.00783908382851226,0.00129482703901629,0.00159456146391891,0.00412133979283369,0.00511096265670091,0.004356213217251,0.0066377647454104,0.0188896393546371,0.00655375901369467,0.00404958847334427,0.00633002057280983,0.00667091546290165,0.00841701355775841,0.00502996152648239,0.00480053695017487,0.00550123256009131,0.0095516749939231,0.0109721475561398,0.0143356959943323,0.0111508515634613,0.00907107091877231,0.00748183811934204,0.00727582774541553,0.00905640029507969,0.00930707923676122,0.0115642777034691,0.0160487036524511,0.0121148021476822,0.00485697479622439,0.0089905955459495,0.00432623520836866,0.00695973827705791,0.00553843494583732,0.00612433413263143,0.00261048370443165,0.00261872240578369,0.00162485376915917,0.00224055246404725,0.00135156329692976,0.000916757178946236,0.000354876577470559,0.000761146213627931,0.000134409804982354,0.000147602754589892,0.000179056053451549,8.39315251434101e-05,0.000428467042689056,0.000313020182737201,0.00107911577245185,0.00722618389972738,0.00812433305436611,0.00759557426592006,0.00355012386859548,0.00649980247275622,0.0104464406766648,0.00107319566243949,0.00653207221314658,0.00318100936606036,0.00469264878124187,0.00154714012022154,0.00607726088116564,0.00172073441067428,0.00363369518685111,0.0030047832828074,0.00542081136806348,0.00634360823657498,0.00556167786393414,0.00214684369884716,0.00598160470357058,0.00464713699026226,0.00885319068251122,0.00432635833499362,0.00195954335704364,0.000322620461968214,0.00206350801212316,0.000770623594784248,0.00917527839354896,0.0170690617682051,0.0281026516716387,0.0117338088100663,0.0180108679080653,0.0136752952635615,0.0104078083700583,0.00531201331747422,0.00268316392071282,0.00244626309333835,0.00233966416456762,0.00179518310304809,0.000385247951918375,0.000197558670835338,0.000832832269302791,0.000334351599722989
0.000473348267197603,0.0005438033553451,0.000791540555386517,0.0017099656450174,0.0013008398025457,0.00269160789400848,0.00522549499314504,0.0118620960136974,0.00586944401516685,0.0169330000957819,0.00359958821035856,0.0140856266716544,0.0171730700453994,0.00857523506095833,0.00346778346925028,0.00432012023582361,0.00256661652906714,0.00100269737924276,0.00424642994276027,0.00662495227065639,0.00978203090513995,0.0156614550305929,0.0237643567692974,0.0452206139520735,0.0621716517939898,0.0477101035102979,0.0444188005816996,0.0169444311826688,0.018196547665239,0.00778095397706896,0.00578101152302698,0.0100015314718722,0.00874350155352347,0.0148616547273737,0.0138106162170648,0.0149058593374727,0.0154494429333324,0.0204768173160319,0.018208728075917,0.015758962173851,0.0100981290686047,0.00678848967033194,0.0120733270165031,0.0202991517669545,0.0092436479370625,0.00703739138117176,0.00986883201149113,0.018445423040963,0.0180907432659942,0.0183136957582225,0.0161319633349703,0.0194493445629102,0.0172378219291059,0.0256329855167471,0.0147107924554632,0.0177920556710306,0.0195563163903332,0.0122905051279569,0.00747215840052089,0.00610527140830782,0.00471204917141659,0.00572958970151432,0.00292593404561042,0.0027166719971706,0.00157094419766153,0.000861476560831395,0.00177690509616545,0.000801721311449318,0.00173883803999413,0.000561324926231105,0.000460139556941334,0.00113261842477601,0.000869438305837769,0.000292526872597449,0.000778672952168286,0.000507060377316568,0.00259631590861697,0.0134285489400066,0.00714319816585349,0.00945849561858526,0.0140917798518831,0.0164779968283174,0.0183798052554711,0.00408991127589364,0.00937158458022814,0.00842367636635841,0.0125212331351481,0.00961220052343157,0.0230340364947294,0.0195822765022278,0.0224992869192827,0.00543484807647047,0.00491721364502167,0.0105892852051817,0.0136266286116597,0.00722913613449824,0.00461168323125731,0.00500429228103467,0.0201790425770403,0.0181306783388481,0.00358750855074195,0.00634797383166243,0.0051150467230617,0.00699184516402016,0.0100068532004993,0.013388955138335,0.00888609880809798,0.00643710837634794,0.013816201637624,0.00493205031572584,0.00509109496146955,0.00315132858502842,0.00150720330735201,0.00186044651357755,0.00190391470269649,0.00119426288997792,0.000857839245585906,0.000939188773794094,0.000727417861057897,0.00185356773092157
0.000253926488283743,0.000623660567328636,0.000577431655005597,0.00108625852478776,0.00130017074478557,0.000951417993943822,0.00717444199966809,0.00892728480631417,0.00946734281470991,0.00541649482613306,0.00687899667875474,0.0068953246200006,0.0104757904362668,0.00173455064710698,0.00833637842410739,0.0022898760490993,0.000790225858389433,0.00162517681665996,0.00201378759207106,0.00350653164705528,0.0184827612170199,0.0153903736514627,0.00686950117114207,0.0085229730740789,0.00852158771040453,0.00674198157968717,0.00878642722784411,0.00655637615328833,0.00908870996903086,0.00338894359032113,0.00213276350817401,0.0142381283783365,0.00667048161962392,0.00606899310457339,0.00367471666617758,0.00901148744191776,0.0161439851846541,0.0221358353602607,0.0239141614623559,0.0332646628282134,0.0210057192547805,0.0107975516248201,0.0251340730641705,0.00921867530822962,0.01756780242948,0.0167468935156719,0.0126222185111911,0.0051543824024151,0.00471345955587737,0.00285016208728501,0.00713973987646918,0.010243854402563,0.0155979639471791,0.00577434447011408,0.0370412747193241,0.0227066124278223,0.00538081023049518,0.00944714120418097,0.00411674529662325,0.00479113499765421,0.00934527328553545,0.00379809565907505,0.00734894225807663,0.0078890600299617,0.000849056948914958,0.000705159949698709,0.00152480444774821,0.000356162622713188,0.000786734836905062,0.00086934590402232,0.000120268549327685,0.000499870437763633,0.000421800372614976,0.000150016542012299,0.000637367038454065,0.000995359928668224,0.000673893304693549,0.00636439766641093,0.00284933079363669,0.0156452976464081,0.00778034510925433,0.0157271418893612,0.016699372884122,0.00939613283351524,0.00642362284307928,0.00467852746354331,0.00348255374055835,0.0146480613617924,0.0134259322153877,0.00565545626515204,0.00753796919307701,0.0157427427012761,0.00671663164663244,0.00638603677037248,0.0124001909527004,0.00872600329584462,0.0101267048041714,0.0119349299264641,0.00633243300761636,0.0081250668771511,0.00700850753472197,0.0151631391337834,0.00406403443982493,0.00367474258063034,0.00971208620386881,0.00748168934121197,0.00563903553544225,0.0019160510769853,0.00394157270854064,0.00155230781481981,0.00142772016223664,0.00347527664987438,0.00202646997142612,0.000687680154514562,0.000524065250312587,0.000840164974964176,0.00161447754856289,0.00015408679101668,0.00103934417667191,0.00104227664353785
0.000745733582885494,0.000243653065833598,0.000236259972786785,0.000961026417992924,0.00201126909392702,0.000505200164695693,0.00102382128291283,0.00149715354902654,0.000925721439959801,0.00111226060282853,0.00164012155740675,0.00113753950171023,0.00126652728819511,0.000381609492036194,0.000383053837306094,0.000399836047908061,0.000361260451418994,0.000344548008866048,0.00264313779160853,0.027657399230561,0.0595482754413139,0.0172229994569658,0.0350100772026846,0.0196309956662247,0.0380229887654926,0.0394953573887585,0.139952828583527,0.0184665134918045,0.0235304123452647,0.00762742419065007,0.0280756052095826,0.0234373816994834,0.00208288977433436,0.00422580451182996,0.0030144895140292,0.0175377815502573,0.0387099812284562,0.0584834080843169,0.0483747763061898,0.0540717402493186,0.0466544030762207,0.106579268184341,0.0449942322264563,0.0173777295140379,0.0486238304025676,0.0374375555401875,0.0429134905669441,0.0285354040550653,0.0421197274644678,0.0562574400958248,0.0366447391841706,0.0915672058169137,0.056840725065452,0.0433155937241847,0.0675737898954247,0.0255507535448926,0.0586495672718822,0.0566763566968387,0.019603776545127,0.0272561100665618,0.0064873510134984,0.0211471936991909,0.015675800241727,0.00392699848191742,0.0027957088883573,0.00342966187658042,0.00125533852201509,0.00195042558708764,0.000637068482121246,0.00172618995014688,0.00135233423511487,0.00500847793883816,0.00044873459121596,0.000499721641178881,0.00142336498522139,0.00875392740970521,0.00368985329018717,0.0614704055713213,0.276996476408192,0.168438986727454,0.0608473554189062,0.152970673780844,0.0146188192674369,0.0679732009240556,0.0150471584976438,0.0286190694949994,0.0620995903295245,0.0318709555155124,0.00566235702929452,0.0144770457463271,0.0264593326191986,0.0333706552442007,0.0201560435692755,0.0290803491832751,0.0257850628915984,0.00762480219534673,0.0114676814254373,0.0140836515610561,0.0129017755949963,0.00669240285798941,0.00662469965721561,0.0160957484328196,0.00598732583993224,0.00265315747508322,0.00360616048570478,0.00397490525801633,0.00378153555386995,0.00222792545296781,0.00274251292231666,0.000504913925953358,0.00133120395541378,0.000903925340389988,0.000407814792918852,0.000139041903178044,0.000192187526642689,0.000618116829805922,9.12236184523189e-05,7.60425234220352e-05,0.00015882210264467,0.000245416660970791
0.00345911789125796,0.0057625442627564,0.00344020197865355,0.00109002024597169,0.00185665980860069,0.00327757416526743,0.00260012051954144,0.0017537074988945,0.0176696807578706,0.00263742553645089,0.00154334548327918,0.00117912412501249,0.0015011709311203,0.000791995856588659,0.000855813347881526,0.00030746532129731,0.000244412571271694,0.00319516992162012,0.013398404948486,0.0305772236923287,0.0263774508082191,0.0631382777730289,0.174556886733614,0.108192540042715,0.445600339111602,0.237548038223502,0.241667049090594,0.197692434648803,0.115338003805011,0.0751817893111144,0.065600836928547,0.0185826285527019,0.055368960435175,0.00926494882342241,0.0313719354660667,0.0401958175802005,0.0618319002458749,0.0971276703525443,0.103731611057836,0.173851310087791,0.268683518536662,0.346974274500317,0.305140277964679,0.148558591575546,0.106284500117966,0.0559102162158064,0.476451663714039,0.713766134559208,0.399293512066648,0.338858723652588,0.232181172559381,0.391089107805599,0.47777895282132,0.268533689580413,0.234083294981438,0.0449861749265483,0.191942749576811,0.25800845464664,0.0857689181131863,0.0852310873051865,0.0740891985517457,0.0923276421911562,0.0780958048661953,0.0218700191632129,0.00537077045123112,0.0238300438671174,0.00905472850565951,0.0060452548180509,0.00514276231481101,0.00345536236756171,0.00261570771740032,0.00353024028329207,0.00129716569519621,0.000911094233831918,0.00523591243803096,0.011430251096302,0.0123746558776683,0.0833555255763889,0.184530642903611,0.561337318320157,0.253120213492597,0.351995050109841,0.267395291177789,0.140013510324821,0.496613993609426,0.193995092276756,0.120968227787824,0.112140228048723,0.0399965511247471,0.0834769340974387,0.0965769717937407,0.0351641312291936,0.114468611748448,0.106001182911244,0.063821417719845,0.028984471425467,0.0218385203636679,0.0978723603754074,0.114815002208205,0.043086622224841,0.0482556189281071,0.102170020637985,0.0925229187121566,0.041429615172272,0.0447784457885501,0.0454884646470355,0.0260211347508641,0.0212679546384538,0.0203754106038174,0.00929495944060769,0.00639894387660058,0.0036358352552827,0.00775884865910537,0.000566822497830664,0.00248409604750518,0.000789540150448319,0.0018222568858936,0.000793820867595841,0.000614847072535289,0.000684791146941653
0.000616851369385031,0.00235365753280463,0.000983255943675997,0.000376781146696115,0.000747340918833771,0.000353259630140851,0.000759550819437051,0.00117667501291213,0.00116393003603173,0.000879721182723551,0.000819686703537382,0.000438501118183108,0.000106288515258598,0.000403804467266444,9.79133981457222e-05,0.000351096678171336,0.000303407546946345,0.000105474683313905,0.00281186740436083,0.0116498539863598,0.00802697943637106,0.00383450110945413,0.0146445464510241,0.00742052967480709,0.024126922446849,0.0254012493105381,0.0307088837250759,0.0123728194024864,0.00318676829273635,0.00721635713815118,0.00762312194428735,0.00376342401179266,0.00137810888352312,0.00125263596480138,0.0010329083794088,0.0090930110932731,0.0134731043580155,0.0152443555365625,0.0113857152592703,0.00788647555408737,0.00391452073244764,0.00355604920879674,0.00918246126538958,0.0231943427715305,0.0136919856404391,0.0184582851946745,0.0317279893797584,0.0290588345275514,0.031864889632483,0.125125890212723,0.0748580690900627,0.0850197590861466,0.0847684484169787,0.0619709372995527,0.0171126616758854,0.00941385577003937,0.0392635140990513,0.0257774938589341,0.00658585352556566,0.0170444494926372,0.00130788494790014,0.0168494413368003,0.0094222950153468,0.00303232359560327,0.00465424851161753,0.00230156980779196,0.000903447035934468,0.000732491254907919,0.000666853584579992,0.000419575124066084,0.00271217424156214,0.000374190353822858,0.000165563442023424,0.000371479019731069,0.000121355972069182,0.000963926199986887,0.00239209121566142,0.016037113198488,0.0227201945625523,0.00921953752705809,0.0226409490281468,0.0207258782675367,0.0172066761490979,0.0128074166624293,0.0331122781529096,0.0191171003112268,0.0259613174464545,0.0393138078534678,0.0183741446090572,0.00767193845675876,0.0522039084576683,0.00459629515293404,0.00725023322829476,0.00154846608022915,0.0045771149172237,0.00379609075138372,0.00379187424527411,0.00146121539468249,0.00451093610220752,0.00703147409610412,0.00337538674376343,0.00198164892008954,0.00237574286582217,0.00621191344817393,0.00437651584135395,0.00426289287019932,0.00242868076081279,0.00189090030942077,0.00143243943251413,0.00117940531977991,0.000689910051657012,0.000373601397879669,0.000277539189597745,0.000216174858713167,3.60283038680142e-05,2.90751301020678e-05,4.20903181927852e-05,0.000200355599554013,0.000433476726418814,8.61373683922945e-05
5.56784285679073e-05,1.12118081555857e-05,6.52787251132772e-06,1.20090909096946e-05,5.98027882539033e-05,3.4421062057738e-05,5.05816038208955e-05,0.000185392026266064,0.000201062800735079,0.000316956956124774,7.73916317719643e-05,1.96008637895344e-05,1.29856310216305e-05,3.61703903533821e-05,5.87296866595627e-05,2.67830042400656e-05,3.42968646218413e-05,5.24036874309839e-05,0.000253890689439647,0.0035843529123698,0.00184663989557771,0.000468204224772379,0.00305776706510265,0.000437707192195595,0.00267569664093033,0.00171514646142312,0.00133999922389874,0.00149797615182879,0.000978687414501869,0.000338134598296787,0.000271239640003207,0.000342088157311254,0.000112297904686667,0.000109106533748715,0.000546353005338374,0.000896995986357849,0.000966419666179544,0.000709658715214489,0.00468457523111015,0.00205589632373689,0.00705465089908056,0.000986802837529481,0.00050878748969839,0.0018417598405852,0.0127027344936503,0.0014190607909752,0.0366917603219604,0.0312359265170458,0.0136073669855192,0.0152219142586855,0.00641264143239749,0.000751573771099011,0.000672389048726366,0.000693175250486032,0.00418686632565534,0.00138811992163929,0.000339297627440971,0.000311513905115836,0.0017237345466254,0.00022689218470823,7.42010346700574e-05,0.000216377905253039,9.56705753496468e-05,4.965502413331e-05,3.06961523767254e-05,5.80549517933574e-05,6.46228375551846e-05,1.40486480867298e-05,0.000185240443714805,0.000253132921836395,7.91232073187655e-05,6.5981242612274e-05,1.07974596442785e-05,3.44050481662777e-05,4.86974849280094e-05,7.19902291206364e-05,0.000322311947691547,0.00137572237286428,0.00114546295368268,0.00097852304522705,0.00134282980308055,0.000603944952462113,0.000632606706460048,0.00100048130432,0.00113956260170774,0.00144984143756138,0.000994020896442046,0.000719387355281845,0.00129184732381447,0.00306746312874244,0.0015166677707561,0.00202710931212143,0.00118956127095297,0.00308683266781373,0.00197599094500679,0.00156052943992336,0.00255797915683246,0.00836029826236446,0.0011718697717181,0.00275627776983984,0.00105141488388311,0.000557285474814968,0.000399828888667374,0.000667857321775248,0.000408618773639344,0.000342340258384164,0.000397135743240194,0.000282382535655509,0.000102933970042008,9.23043841052732e-05,0.000129272535877497,7.96318812784768e-05,1.28167818700375e-05,2.13466989827284e-05,5.94841441929007e-05,1.55018629080134e-05,4.32683296294471e-05,2.4746045438601e-05,1.08706145024885e-05,2.46634636051721e-05
2.44393054417776e-06,1.00844646239231e-05,7.90915692725441e-06,1.03939978366871e-05,9.01254413505347e-06,9.07387104111827e-06,1.18290627785786e-05,7.6995850226911e-06,1.06557064488499e-05,9.73189181377282e-06,4.24975801200666e-05,2.29699466824271e-05,2.23543389707017e-05,1.95946015551298e-05,1.13633690292363e-05,2.86122380925174e-06,2.03000458632254e-05,3.13606209826453e-05,5.14269394464369e-05,0.000183302401499887,0.000274462718942296,0.000290241627019469,0.000415158872369365,0.000507735677865803,0.000243176716184019,0.000361594189404161,9.91630611422222e-05,0.000284158885335249,9.02160447794208e-05,0.000336632296619805,7.34075965215329e-05,4.75390211661863e-05,4.96795639572783e-05,5.52193154486466e-05,0.000143983344385206,0.000310130895757942,0.000247225237952432,0.0006192552268539,0.000161540796998893,0.000143708781900801,0.000164820280503709,0.000657717997268596,0.000352950349260773,0.000275605530930276,0.000233385907631214,0.00260769127420294,0.00100773333641429,0.00065658133608981,0.00109217763829993,0.000979109174163763,0.00183906405470714,0.000706293414261297,0.000673836436855367,0.000283934639530011,0.000109386677284112,0.000677832688714403,0.000396021511060658,0.00033364679394753,0.000402190549559229,0.000133353353548385,5.10047342007305e-05,0.000146810153879477,5.51660361066772e-05,3.96229538766641e-05,2.82951030794275e-05,1.52190477393952e-05,5.99972231036773e-06,8.01110834451843e-06,1.69038687718733e-05,1.27803771762925e-05,8.79682554850518e-06,2.62327394949344e-05,9.57447069232116e-06,6.52691240191488e-06,1.23128933002752e-05,1.38290506312891e-05,2.81279807663331e-05,3.02971407795602e-05,0.000153201577603762,1.81227551731028e-05,0.000247294958513074,0.000167722013883386,0.000505517782432361,0.000198428501474109,0.000433906123737064,0.000174622550231195,0.00102536494242157,0.000627023792960436,0.000419529207649393,0.000483456386774666,0.000258087430979239,0.000221901337229702,0.000211175332188413,0.000314967185805603,0.000300400880457507,0.000207208050116996,9.78280515010724e-05,0.00117592305369174,0.000156902981824839,6.97006164468955e-05,0.000161837994704835,0.000237170642300024,0.000173277280971976,9.70875572486805e-05,0.000137470078904772,0.000105862291075598,5.57090431819193e-05,4.78846395612529e-05,4.03091089767511e-05,0.000113369997801152,1.96251573100129e-05,1.50802922021752e-05,2.23283462510594e-05,4.2551196871147e-06,3.41003999744767e-06,8.98781844463466e-06,4.5424257898434e-06,2.64888405172482e-06,7.18320465716882e-06,6.39438561093569e-06
3.16974196146617e-06,6.86720779129318e-06,1.45146506868643e-05,1.09079397159596e-05,2.5383966904947e-06,1.89795351662735e-05,1.63183737481015e-05,1.71019947877126e-05,1.15578498947063e-05,1.81343583296804e-05,1.15364182997134e-05,1.64523823412202e-05,1.2632890712481e-05,5.69425098192178e-06,1.37379400002076e-06,5.75963579440998e-06,2.67104366569933e-06,8.55268944906447e-06,5.68670527953833e-05,5.8975302796822e-05,8.66981603532604e-05,5.52754804617211e-05,0.000129287091655577,0.000115072362680383,0.000181186151272231,0.000301304381876961,0.000308905157599794,0.000166024684299103,5.25763900257441e-05,0.000105630445281918,7.32743233995833e-05,6.24871748477843e-05,6.95363241905867e-05,2.94118399865084e-05,7.33595565558671e-05,0.00045820297043232,3.61343192012222e-05,2.72124780597764e-05,5.21940366484392e-05,8.89090621559969e-05,0.000367117977801887,7.00772089259976e-05,7.99315973026479e-05,0.000298711332264246,0.000482915326711271,0.00212549084004325,0.00154195212952274,0.000640816696254269,0.000740674074278185,0.000610820246987856,0.000210071581901782,0.0001388796613296,0.000383311029142562,0.000507429001413953,0.000291753965771566,0.000113546013339957,0.00041585469992945,0.00013367147421815,0.000388165745489741,9.24451197363654e-05,2.84479562836401e-05,2.76338578934192e-05,1.20421943397775e-05,3.29513083239022e-05,1.27243260529238e-05,1.82992221185714e-05,1.52798739072093e-05,1.20036239333783e-05,7.27366313161028e-06,1.83450983905835e-06,3.45267992848795e-06,2.0953762277582e-05,5.02199290417407e-06,4.37781322348498e-06,6.34793918855835e-06,1.03379822929077e-05,1.69028576959962e-05,2.7422605428864e-05,5.49011284577932e-05,6.86627698419375e-05,5.86467512550512e-05,0.000114544599593939,0.000219911969462954,0.000568594656421528,0.000180455828847246,0.00015120039831073,0.000111038329710569,0.000111035095389816,0.000351163884599429,0.000128736366981781,0.000914228985112454,0.000247417888666728,8.65542342555855e-05,0.000107251992936691,2.61760794714968e-05,0.000441007094085929,0.000112155445978051,0.000527808078015761,0.000275967568904947,0.000521698896445269,0.00013808343610882,0.000629763004246293,3.7885661277931e-05,0.00013376767951004,7.50948608080484e-05,6.21182264294207e-05,4.26095046877962e-05,3.56338858144937e-05,7.57217706308571e-06,3.48318999134796e-05,1.80860331903789e-05,1.19224771430495e-05,4.03868880367731e-06,2.2791174275928e-06,5.45932595176524e-06,8.1792034902101e-06,4.24977077104487e-06,5.82779830001883e-06,1.4261338625025e-05,2.52598721436395e-05
1.19710741457203e-05,1.16316464517611e-05,4.27166300147089e-06,6.62191629451227e-06,6.8625923920949e-06,5.66286561239135e-06,1.3987023573394e-05,1.97998674327537e-05,2.07390955904501e-05,3.21917882997192e-05,1.70634722893937e-05,1.14526702835036e-05,1.16637068846697e-05,4.88491714839208e-06,5.43593718452857e-06,6.60468280020465e-06,1.29347864571541e-05,1.2589915057871e-05,2.60964083353494e-05,0.000182126309190883,0.00024538096512714,8.49847089339881e-05,0.000274486533032423,0.000216953080144996,0.000534020989718462,8.75253706306849e-05,0.000188096661912755,0.000142896893164321,9.50107650271334e-05,5.78051450235304e-05,9.84510361601035e-05,2.49355631407068e-05,4.98505601823737e-05,3.68608813252153e-05,8.58610161933211e-05,9.92831021366731e-05,0.000130943302931017,8.62742104979166e-05,0.000164019119712679,0.000118242777145991,0.000134522037044857,8.98326561449657e-05,9.01277817843625e-05,1.5084511288595e-05,5.27531738354028e-05,8.7273316588278e-05,0.00214708455729071,0.0031476308138575,0.00129524852003051,0.000491988252883465,0.000519685673396572,0.000916157488568564,0.000474354086399654,0.000921776470332603,0.000383087275512289,0.000348704158337669,0.000333003733628522,0.000715749961599092,0.000389698968041642,0.000542008328230957,0.000108711852969873,0.000142459460142685,0.000137983004165709,0.00010382691075924,4.53604788029889e-05,7.31661035142196e-06,3.12509957016292e-05,2.54816203741265e-05,5.03192147849198e-06,7.37338624624292e-06,2.02260349838884e-05,1.73001249826527e-05,7.97823791625834e-06,6.76432470321208e-06,1.00995819438025e-05,7.34800121235319e-06,1.34094950197834e-05,6.75256200516669e-05,7.55458268155231e-05,6.68634422297607e-05,0.000470775707964621,0.00106493978548224,0.00154218404184636,0.00116257781244833,0.000711501540890782,0.000162708625846226,0.000399338983467303,0.000790837023298101,0.000230729346450222,0.00017818304813419,0.000151411804767757,0.000100876354648604,0.000431230483653031,0.000105317061350618,0.00052522896378458,9.65023795368995e-05,0.000200354983398098,0.000421461820010783,0.000385306421597655,0.000291856067113703,0.000924459304669234,0.000236698717386196,7.41347839100115e-05,6.31933279542046e-05,5.04443429420473e-05,5.79656210978619e-05,0.000123470851889342,2.63059627240356e-05,2.32136568297614e-05,4.61223091167849e-05,4.648871508981e-06,1.87005749275253e-05,2.49672009970067e-05,7.53759755921739e-06,3.29601380327531e-06,8.09267532359601e-06,1.63550096028378e-05,7.90197903141683e-06,1.35464080894087e-05,0.000103125274545377
1.22809259024449e-05,1.24541311185792e-05,4.47532262369274e-06,1.03700690885806e-05,4.91748111822499e-06,3.3499825131848e-05,2.22476696654081e-05,1.71280030062657e-05,3.61896150327312e-05,3.94111911683547e-05,1.14825458023259e-05,3.3417061584076e-05,1.55254565270638e-05,1.0321944416136e-05,3.00797615749513e-05,7.9855956924705e-06,3.11893474913107e-05,3.03914840185028e-05,6.57233786831056e-06,0.000164833274129005,0.000291739271086406,0.0001502638656903,0.000138267783039821,0.000628399273111073,0.000215369803968782,0.000214875042847161,5.05304382738608e-05,0.000445392020810719,0.000178041799622633,5.42964894114214e-05,8.22287041415689e-05,9.92188156661279e-05,5.18106309205471e-05,4.10718273614204e-05,2.58503422557594e-05,3.84573325990085e-05,0.000170903309853542,0.000115730278037553,0.000149528399705528,0.000150441579557403,9.16039138062338e-05,0.000162655171347005,8.17434481520593e-05,0.000120018232411972,0.000548048912322237,0.000463854312952508,0.00085853910789388,0.00122463014194523,0.000447229866333494,0.00612821682726849,0.00141261583277449,0.00246084160908885,0.00253673887358644,0.00399859870584512,0.000880836555955697,0.000867076875927549,0.000306780768399944,0.000114192867352814,0.00019918028047677,2.03724960417259e-05,7.53299661244538e-05,0.000135099623734569,0.000202388484876449,0.000289085133517517,8.23175507967061e-05,3.22414598409132e-05,6.21427677153762e-06,5.38173842197217e-05,1.30606776365067e-05,5.26597475971346e-05,3.4401999474491e-05,2.47396563178042e-05,1.61104368583317e-05,3.98406578647571e-05,1.92782688310564e-05,1.74292508280773e-05,1.60267033627935e-05,9.8669012982003e-05,0.000358509742001522,0.000245479484365678,0.000685344684133672,0.000778060812029329,0.00116006012713217,0.00103720743076109,0.00114976767240889,0.000246455957340336,0.00080934301363465,0.000381112830323228,0.000696187849221707,0.000461500496618594,0.000583235724961189,0.000716184016951598,0.000448377564075133,0.00102320387648372,0.000498129382852805,0.000447224880408595,0.000237952954899354,0.00330651332122442,0.000516334664121517,0.00155487844534281,0.000535186178776263,0.000199785274644572,0.000399906317636648,5.2378018769431e-05,0.000122137708100234,0.000136688423375204,0.000103909981317298,0.000344842377183628,0.000155562466157363,0.000382928809015489,1.95407066250849e-05,0.000260909521639854,6.012420057562e-05,3.32404531939097e-05,3.73273920052894e-05,5.14227817868604e-05,1.81426153223053e-05,7.64722213927068e-05,1.84792249687478e-05,4.69190799241896e-05
1.73551937748793e-05,3.33665855474792e-05,4.19021900642996e-05,1.51415259300122e-05,1.31250853629795e-05,4.9268916410542e-06,5.39861765295239e-05,4.22130901769213e-05,3.39467398693382e-05,4.27854078041871e-05,5.16330791618253e-05,9.15568132909603e-05,1.83799071491961e-05,6.51083052289613e-05,3.47990544237499e-05,3.04854331681994e-06,2.93302121569864e-05,4.13832272968991e-05,9.97392899003246e-05,7.28116194323605e-05,0.000239398306161616,0.000204968339424892,0.000537256139277718,0.000451130040429903,0.00187894948640611,0.000918767921298047,0.000606302010001386,0.00108927280810327,0.00175695793132688,0.000438977203955887,0.00110875285922824,0.000281284631719471,0.000522903684175466,0.000270561426472293,0.000225593617388742,0.000133431758938895,0.000184793713771914,0.000117792869519195,0.00020981529921728,8.87860449348744e-05,0.000114261979924875,0.00026084737638705,0.000143817567107976,8.8476012049179e-05,8.62979625908878e-05,0.000297056618070946,0.000693377585372917,0.00021091325232068,0.000206344670268136,0.0026626196827422,0.00241200965637082,0.00239517936324803,0.00173873141561205,0.00130717460986463,0.000794409386378329,0.00101007338409504,0.000169198095703474,0.000519155566011206,0.000225729773464349,0.000439083472261296,0.000575436284802554,0.000109124000235245,0.000207187992962357,0.000161595120813757,0.000179958284508022,9.3027915953446e-05,7.15049757453691e-05,3.32783887218753e-05,1.89592108273869e-05,4.15922495228933e-05,1.93296395442888e-05,1.50912537473149e-05,1.98982643625148e-05,2.17022668653653e-05,6.60714886134137e-05,2.39431502273365e-05,3.81135389622971e-05,4.00223767743144e-05,9.12163607694543e-05,2.96192820883353e-05,9.44533135213075e-05,4.08572388311536e-05,0.000103184577932309,0.000324658663670973,0.000445132544929495,8.38711370423964e-05,0.00106600078637339,0.000130289692243249,0.000156072062775164,0.000286111891628992,0.000391547669646272,0.000145167419768515,0.00013964361100963,6.90180179597296e-05,0.000123843679641703,0.000115560886366736,8.07885518715121e-05,0.000234985608191348,6.1636655790246e-05,6.64982854476009e-05,0.000378937948203173,6.52684089471386e-05,2.5263108138326e-05,9.15952349879873e-05,6.3365857040289e-05,3.65006444795969e-05,8.98507063823737e-05,2.25066886074941e-05,2.76063212166954e-05,4.99352465096483e-05,2.86580451445696e-05,9.41500058156029e-05,7.24583479590029e-05,3.59990672054745e-05,1.99951893929271e-05,2.44875051689527e-05,2.55385713781361e-05,2.54281379016485e-05,2.63587662614141e-05,3.61316224553222e-05
2.27225769115466e-05,8.90514319823718e-06,2.13891978137693e-05,1.66163617422195e-05,2.63206519377214e-06,2.16495392038657e-05,3.02191765882211e-05,1.21276755591196e-05,3.76739686974567e-05,0.000147398057718287,0.000190918851310757,7.53132305527888e-05,5.6190415496323e-05,3.01419937877846e-05,2.761877632908e-05,4.95630501265335e-05,2.24572949840407e-05,1.72271525332547e-05,2.94944094831598e-05,0.000140487976165874,0.000336973667022101,0.000444873202029943,0.000311559092885464,0.000931600539300827,0.00131092266277609,0.00171110610938336,0.0022967309306627,0.00279332349021713,0.00193066181405363,0.0021855420035679,0.000974212282134906,0.000970134782161473,0.000211212441365518,0.000297686635125306,0.000133423466762857,9.02479612902709e-05,0.000129739375543887,0.000426559394594485,8.57715461160532e-05,5.90755494830045e-05,9.5011207217848e-05,0.000134018016474167,1.33652709416518e-05,4.79863786708888e-05,0.000100715321848851,0.000335281368990431,0.000480803770433495,0.00058354918226811,0.00016200951484943,0.000973208729180749,0.0025306314066617,0.0029297762883791,0.00171593747029655,0.0012855905011322,0.00101065003308307,0.00100002733595267,0.00247504517180843,0.000299585937810468,0.000682008215609051,0.000656387725401401,0.000336843865947765,0.000242138845551472,0.000232680040774518,0.00034513911352704,0.000141669249616213,5.39453174914961e-05,3.66264789370032e-05,0.000133193381908522,3.73257332676575e-05,4.40909621765376e-05,1.85544931219199e-05,1.54145464846122e-05,1.54192900684845e-05,1.23941192799018e-05,8.09153615487313e-06,1.10403415238862e-05,2.93456109799488e-05,3.6876251731742e-05,4.91437932190709e-05,2.66581603458875e-05,0.000544357556763134,0.000356280531721551,0.00110976335459091,0.00108884147382045,0.000461606656565275,0.000299146404587451,0.000675365795692376,0.000721804546623686,0.000209244079041821,0.000820770461037278,0.000521624926295949,0.00058450772740019,0.000258255963229488,0.00075048783273492,0.000196364197182599,0.000270961764744357,0.000306554169056818,0.000168051173204205,0.000123396441395453,0.000151538567933028,0.000100207502914522,5.76754104076423e-05,2.78535411102228e-05,1.00002162500288e-05,4.47815584097432e-05,5.61942270422571e-05,3.25172788905238e-05,4.18403696099904e-05,4.45946922683457e-05,1.6728590265551e-05,4.49607586982702e-05,2.03324311027698e-05,2.16140946378281e-05,1.71412682828332e-05,1.44194847595765e-05,3.69075684352197e-06,1.22976939085077e-05,1.69389058496305e-05,9.3889847256107e-06,6.43311319636563e-05
2.90551033744242e-05,2.33327781753998e-05,2.07353419358559e-05,7.70816780589832e-06,1.289827765132e-05,1.21253342437312e-05,4.13153792281021e-05,7.12139082492409e-05,2.99529704957148e-05,7.66886509866953e-05,8.87329020660855e-05,6.81545835271103e-05,0.000194581212688096,1.88977392255442e-05,2.56068949007129e-06,3.80957839740866e-05,4.5016089696381e-05,2.26303432412425e-05,0.000144619885582361,0.000350982935200423,0.000187185635321756,0.00127331859082012,0.000542546436996768,0.0014665865920151,0.000933621417229168,0.000943420467434861,0.000921389681457651,0.000958453513976419,0.000733822126628238,0.00162989205803588,0.000846817867823603,0.00047096288297851,0.00056892389687543,9.71623061465583e-05,0.000261942914632072,0.000165936504174066,0.000398419461592607,3.79933282780187e-05,0.000115010872863999,1.79315659939301e-05,5.68028582426296e-05,3.82731058026708e-05,4.72541004990518e-05,0.000109716323921242,0.000120437999424201,0.000193721048720607,0.0004083235710447,0.000313964587531004,0.000827241462197893,0.0017455550113032,0.00231204441490536,0.00274225762521934,0.00147039079104209,0.00145354075612294,0.00224964447269147,0.000827789485747463,0.00181340543667978,0.000480869094560803,0.00185866228686401,0.000686048858556597,0.0001146032389258,0.000493601964421337,0.000156033186516951,0.000926513986784731,0.000673423466176967,6.45032837504021e-05,2.94529481462473e-05,0.000140643736000324,3.53630259706854e-05,3.56045206989304e-05,5.49210804905409e-05,1.35669836291367e-05,3.15653043045218e-05,2.39133399806116e-05,1.13692769096004e-05,1.24499943822481e-05,2.82880050721257e-05,9.67999998184219e-06,7.89903028859077e-05,4.44215276545513e-05,4.97749177898897e-05,0.000130911201468391,0.000390780862468616,0.000402594728085979,0.000361820567633102,0.000183639131060925,0.000259973267250224,0.000481606701919344,0.000333684913612418,0.000217505920564204,0.000340931655531532,0.000294847574774479,0.00040384057383804,0.000182538594483046,0.000360045380682385,0.000262922861136362,0.000359397684395389,0.000370358197350474,6.28860818684994e-05,0.000544395637573849,0.000465910308583343,0.000165356538635099,6.46066552932865e-05,6.96657334293338e-05,0.00010005696129655,6.30184451356786e-05,4.24841543450779e-05,7.86555452281756e-05,3.51532967222354e-05,2.58672640595615e-05,4.05108575138363e-05,4.64598777526396e-06,1.37376047257696e-05,1.48533325207501e-05,1.26065832796023e-05,2.46279598844143e-05,2.57650444904269e-05,2.16681173225042e-05,1.64503957567763e-05,3.48676633449242e-05
4.46823839730164e-05,6.11774177161829e-05,2.26458606716292e-05,3.30791556401586e-05,2.04293807448493e-05,5.64392578749135e-05,3.89666155619442e-05,7.39126570600632e-05,0.000102349130552311,0.00010418460352372,9.33849748643084e-05,7.48299563375281e-05,3.29205624812122e-05,5.06136905591237e-05,2.16901945556497e-05,8.63400227102332e-06,4.08487993143267e-05,4.18056062340081e-05,0.000109931904060048,0.000518013536773041,0.0017269119445092,0.002172171518931,0.00170525200752379,0.00290281400625718,0.0100744749952667,0.00367374177320509,0.00598725808900013,0.00372488186955934,0.00252544551628137,0.00258557858954337,0.0016874535549345,0.00029340091858523,0.0014854659129344,0.00106124528342238,0.000383023909970969,0.00105353608540859,0.000402199330216649,0.000551839838225355,6.30794110239822e-05,0.000123808193988558,0.000319727972481464,0.000136159641557987,4.13430625897602e-05,9.43902377668247e-05,0.000180479952780341,0.00073352994227892,7.59681917112054e-05,0.000211675881651643,0.00289660566325458,0.00294359431994842,0.00630523821805444,0.00235062097596872,0.000989076136580131,0.00200981409732149,0.00497875407925143,0.00312737494461903,0.00284562407614157,0.00106462444294378,0.000305074336811346,0.000843503014631267,0.001231901815478,0.000864972468901856,0.00374755185407605,0.0117223088910265,0.00457694631973332,0.000189305677089429,0.000225844540648348,0.000865819273156544,0.00010606627636195,0.000105842186776641,0.00018615130885418,3.77424630005273e-05,0.00032924998651801,6.5029946117676e-05,9.49818418289016e-05,2.17899755336776e-05,2.86053376429931e-05,3.59123495250067e-05,4.3745486536627e-05,0.000101580285167076,0.000444376880824982,0.000406991418924939,0.000404238954764836,0.000602417553772838,0.0024814522997431,0.000458239283752644,0.000853991935109315,0.0014714179433957,0.00106803664391934,0.000420428377933403,0.00115245806934648,0.000654606662697451,0.000833266558675914,0.0011250720605816,0.000505512618326378,0.00191818141070633,0.000643390290540313,0.000912381199697228,0.00199182515999322,0.000503946567389975,0.000179012003102733,2.52066133064303e-05,9.06014419378837e-05,0.000154154009578895,0.00016174649216861,0.000103908280268789,0.000130628016414145,4.62521926109904e-05,0.000180018749549508,8.32733538685848e-05,4.39015442987535e-05,8.64720772045555e-05,2.15656573847101e-05,5.28974006684758e-05,2.31996637699014e-05,2.7439957829233e-05,4.32157440037598e-05,9.27004579882367e-05,1.93794343236065e-05,1.35231231375091e-05
8.31951595750137e-05,2.13815008494683e-05,0.000103997887076481,4.37769565525313e-05,5.8993258478497e-05,4.16523067493981e-05,0.000100044109160274,3.02004055552772e-05,0.000100726105840056,5.12626987631441e-05,6.08678737296812e-05,5.37645774377139e-05,6.13231676927522e-05,4.68953655596331e-05,0.000114313835691731,2.29852430078967e-05,3.88589693321141e-05,3.34188932568609e-05,9.47657043262305e-05,8.12891700925164e-05,0.000994158786001969,0.000637699528938255,0.00171260462224775,0.00133736432974337,0.000682699257368644,0.00116039077705602,0.00059320842065515,0.00163360238769049,0.00100404074121419,0.000505830856243652,0.000466254956698362,0.000133654897222401,0.000165256056999767,0.000252747564281937,7.54914308585203e-05,9.10321395920816e-05,0.00010806868610573,0.000134552109398191,5.47096026609668e-05,6.99174104611023e-05,0.000107289427819968,1.58830210701329e-05,4.83229523222187e-05,0.000223980941109524,0.00036519292995204,0.000275936470662873,0.000717910570286868,0.00025324321313207,0.00069042103319034,0.000541526722475931,0.000970474733866771,0.00186016803113122,0.00138006166848793,0.00281702044653855,0.000936285653331951,0.0018843140462875,0.000431369216163349,0.00023828391661449,0.000286410674077253,0.00060138821261289,0.00193886957095698,0.00176936808339785,0.000784251553938896,0.00240172368972726,0.000789682023609871,0.000163602432281415,0.000605605020950016,0.000247549070620179,0.000188177849022468,0.000179819298296443,0.000117313423815711,0.000168942652775606,7.05787385812142e-05,8.50381723980074e-05,4.75652986108569e-05,8.97700942478176e-05,2.34828192157049e-05,4.33653161746419e-05,0.000176101117273137,5.85948303264664e-05,0.000172714529310973,0.000148646999322352,0.000143288122179765,0.000104431375133945,0.000228618214348846,0.000126616818787454,0.000151996872804502,0.000344744244903843,0.000723031032091734,0.000149275064626418,0.000277924906540319,0.000220358266533638,0.000190588711116097,0.000113058955777195,0.000237286694277153,0.000154668251586618,0.000100879189809384,0.000114829686654052,7.04532525853039e-05,0.000194021423457738,0.000242235258709961,7.33352430778433e-05,7.29739065594823e-05,7.28741546852657e-05,4.2477141732759e-05,0.000110666878430829,4.03519103335021e-05,0.000146086161187062,8.04577310335247e-05,0.000154465497091989,2.71848119267192e-05,3.83267739924239e-05,4.29101767044126e-05,7.27721624174123e-05,2.53027119718328e-05,1.70940184705029e-05,7.1624803416221e-05,1.30767366832908e-05,1.73517277803745e-05,0.000105256736516807
5.62229126689723e-05,1.63153583152223e-05,4.06263551512501e-05,0.000108435532488791,7.22722239959603e-05,2.320723356059e-05,2.72908781780366e-05,0.000116904230070293,4.22245875852999e-05,6.89875176567336e-05,1.98009022508282e-05,7.12583235383755e-05,7.79324185163082e-05,1.67451348705979e-05,3.41683876850364e-05,7.0602859943219e-05,4.36330429946538e-05,5.98061043816701e-05,3.97967553110192e-05,1.50270899574727e-05,0.000133912985328892,0.000197459366299107,0.000377608992614213,0.000135876967703765,0.000411488404882146,0.000396008858356394,0.000504798462047434,0.000518580336070307,0.000143230973775196,0.000300566868618764,7.50483861938493e-05,0.000119860147047736,8.07784027193202e-05,7.86328653876591e-05,8.8441691640779e-05,7.90251371762555e-05,0.000161271977834874,4.72886147007437e-05,0.000182512864388317,0.000180200172731465,0.000453038089779429,3.3243177504518e-05,5.12145637897963e-05,9.14161200515358e-05,0.000240262859577616,0.000138319065672786,8.94693625078258e-05,0.000250783403733587,0.000759484793885154,0.00100436688582439,0.000339545911723447,0.00295323147726899,0.00169578620963333,0.00121314174671592,0.00057546127076284,0.000561044387354874,0.000780120631380656,0.000133123928621379,0.000486474333760567,0.000102960843430161,0.000147427175888337,0.00056261982297805,0.000176231673157498,0.00041853232756131,0.000350785137667594,0.000354880030465405,7.35002672761642e-05,0.000223837773635004,7.74316440702388e-05,0.000397237957595324,0.000320306921758211,0.000251465786458572,4.83229573960006e-05,7.65580132197694e-05,3.41362769573047e-05,5.08210593111003e-05,6.63705183739523e-05,3.1742432946605e-05,7.13131921096131e-05,0.000184779786122311,0.000162438738040995,0.000143956436456443,7.71754447582831e-05,0.000199897114517758,0.000332412723467766,0.000579305129395001,9.26326350575645e-05,0.000214702648234682,0.00028344040143757,0.00052494560467385,5.60140668600268e-05,0.000248596289562168,4.94310922726773e-05,0.000172176860473733,0.000233349398152846,7.27544947768463e-05,0.000143487734242332,7.90838721500521e-05,0.000248977668128075,0.000187981578196986,3.87291728099233e-05,7.23030792088549e-05,9.3206927461757e-05,1.68334616340744e-05,0.000115283037618976,2.68782379294981e-05,7.84164412597357e-05,3.04076761603152e-05,1.79667254116661e-05,6.9566883599572e-05,0.00011295182395024,2.48197235000533e-05,0.000133594712502207,8.75553667404511e-05,1.30327637205932e-05,4.30221483663423e-05,7.89214366966558e-05,0.000104955263716149,3.5393772076452e-05,6.60762558136347e-05
0.000143747219720224,3.620212735534e-05,0.000128561588803954,7.07446079442191e-05,0.00014633140089559,0.000167086792342978,0.0001598700699921,5.77428749254036e-05,3.95184745124365e-05,4.34064645783483e-05,3.91641972652425e-05,0.000107867335195639,8.12803693968704e-05,4.31839986689688e-05,6.52402980897408e-05,8.24240463332929e-05,5.69713131992383e-05,4.05885646262387e-05,6.92929832353919e-05,9.710418143783e-05,9.81794582229236e-05,4.82788872568712e-05,0.000127749210967119,0.000291846871588942,0.000503477985374096,0.000328457174666464,0.000216563045089802,0.000594647609770209,0.000112520287414645,0.000198831983977277,0.000149797291577645,4.36474827913063e-05,0.000191308823369231,0.000118652011111956,2.54137669092061e-05,0.000152093462842815,7.99001457045011e-05,3.63545983266123e-05,9.95076722391545e-05,4.31215988963638e-05,0.000168906278359802,9.83661105268326e-05,1.48516506357814e-05,9.46715737351263e-05,2.66361713312639e-05,7.9093022692373e-05,0.000184178825652744,7.11447148807296e-05,0.00073626028491624,0.0029126230901571,0.00380836828117366,0.00300985276983958,0.000934554195387613,0.00242571006178563,0.000737719431451366,0.0006448350045478,0.000231308346011393,0.000813238535055695,0.000186467192969335,0.000707564297550545,0.000631522760515191,0.00131802800766802,0.00182226903503355,0.00359667283752719,0.00209367229163108,0.000845108451144515,0.00227373054333514,0.00131354794904295,0.00167527526694218,0.000711762004761035,0.00157122910742586,0.000557555853755961,0.000558624135006777,0.000337052785239905,0.000375940316459755,0.000514062000691351,0.000253209500753751,7.33800121858163e-05,0.000198338382068583,0.000148751311866028,9.68133475214592e-05,0.000129278998500358,0.000178684211201279,0.000154313809758405,0.000180867290193259,0.000349046407130379,0.000194948508612798,0.000257863714606029,0.000143630377087807,0.000167513097122603,0.000167449277555963,0.000113925626845299,2.37431854912574e-05,9.05006259477244e-05,0.000175554330228406,0.000154048206766424,0.000122385705777916,0.000142743263794944,0.000129719785345715,0.000207842440216969,8.65069379503948e-05,9.77152114172461e-05,7.35580578074256e-05,7.19744474489392e-05,2.3788301863308e-05,7.89907114663697e-05,0.000117696355509097,7.9641007019637e-05,8.52154368799527e-05,2.15571810423307e-05,8.4297365517259e-05,0.000106870247450633,2.07357425173269e-05,8.47054494833695e-05,0.000123756479353042,3.30783742171304e-05,0.000169371279107235,4.28971604421544e-05,1.72428445247585e-05,2.49691401513531e-05
4.47273062922617e-05,4.94530463897859e-05,1.93007735982319e-05,2.4624663317864e-05,4.15533343623169e-05,7.28210013652256e-05,9.20258895903489e-05,3.05677518382491e-05,5.42334255452503e-05,4.45340243004276e-05,3.25919431106721e-05,6.46450415364076e-05,1.54455327763059e-05,2.92348988700509e-05,1.97853264036107e-05,1.31557234489304e-05,8.4270817652852e-05,9.56051170268182e-05,9.74471791093742e-05,1.36266231493366e-05,0.000223525373635257,0.00017911470495077,0.00014706636706726,0.000307880387623297,0.000179569446183362,0.000391371906573122,0.000430880569987848,0.000101953872552561,7.40202258146379e-05,0.000239411809934778,5.83944724337789e-05,3.33654490007799e-05,5.962839399586e-05,2.26841754283288e-05,3.31593085765611e-05,6.46295030502915e-05,6.77001673852161e-05,4.54793659156558e-05,0.000106785824201356,8.32022474892438e-05,0.000277736960785016,0.000124029212040566,0.000125397124264453,0.000192612028931757,8.3919838216995e-05,0.000903502969162762,0.000347066176017561,0.000270670121249527,0.000654883846197549,0.00056234676446545,0.00158183178036825,0.00169868613385875,0.00132762382019418,0.000512627209942345,0.000321286537732951,0.000366942031389807,0.000350682300507909,0.000289330174643513,0.00018325853296161,0.000175045260056663,0.00046427726040421,0.000792420262893463,0.000529855316669112,0.00175471325150958,0.000881058036659257,0.00117966879562801,0.00297404401217261,0.00117105908507238,0.000931073893482132,0.0018377321146095,0.00230598904479055,0.00120094600596266,0.000387175379438912,0.000225541677209897,0.000690297781927695,0.000178397067315216,0.000554051476419284,7.0514346431211e-05,0.000242137292423284,0.000259537871314565,0.000122725936298388,0.000148176649231948,8.70626854184093e-05,0.00011863270007506,0.000200492356430657,0.000102684667612427,0.000207522266987911,0.00017766061439216,3.17616383225315e-05,0.000142946920857399,9.14873547117881e-05,2.87476954748764e-05,7.80450796860179e-05,7.99276387336105e-05,8.16125346108751e-05,3.66885341620478e-05,6.98045846192968e-05,0.000106333213936262,7.170929025025e-05,7.08684724553936e-05,3.63492435362955e-05,4.96715056172116e-05,6.56093070837976e-05,5.36589227813118e-05,5.18770574858296e-05,3.53497174583881e-05,0.000190104500923056,1.9557877110797e-05,2.1099040457727e-05,7.57576608731206e-05,5.0294065311338e-05,1.12903252595275e-05,2.71188487146986e-05,9.66057687995941e-06,5.37934793012895e-05,3.69729934721642e-05,3.71897224038871e-05,1.70010235710204e-05,1.92082802531165e-05,3.78788477583934e-05
1.52179871185243e-05,9.54763736445001e-05,3.19921568560252e-05,9.26419157807901e-05,4.18661280377685e-05,1.59773562723486e-05,4.28988843820881e-05,4.53505004110577e-05,3.55782937602139e-05,3.35552565165049e-05,1.64669721931388e-05,3.99947920605989e-05,8.94201267651733e-06,4.36393316823894e-06,4.51951227968957e-05,1.378265058192e-05,5.40944946610451e-05,3.13659799807711e-05,7.97628770152538e-06,3.4572703145482e-05,0.000119080445249224,4.20559075885498e-05,3.46941163090256e-05,9.07179183149764e-05,0.000211728174445442,5.77514122750266e-05,2.57138097195202e-05,5.48915813622539e-05,8.08219900506266e-05,5.25189578285793e-05,3.28632822268001e-05,2.92353783215944e-05,8.90834198932392e-06,1.0697068161571e-05,1.5411559249066e-05,7.03474753061064e-05,6.11172207357569e-05,0.000142231487556101,0.000167699867900324,3.42637611990569e-05,6.64795340147392e-05,0.000132785387134021,8.20466546154379e-05,0.000148586640596698,5.03254681201589e-05,0.00065029409158936,0.00024296327967778,0.000129455717100563,0.000832908555571664,0.000462738859736009,0.00461988043280847,0.000870057736701888,0.000613582713112981,0.0013107872284896,0.000271731342678667,0.000256337712826353,0.000179777990072444,0.00023856184019061,0.000131592548349943,0.000172447926499122,0.000453167039659176,0.000471721099229636,0.00026486600881456,0.00164609805845031,0.00116875729365128,0.0011541179618158,0.000538019985414305,0.00080114663874653,0.00125986696340326,0.000795217298326882,0.000723278677017839,0.000294915817427194,0.000866963596171318,0.000802315372860429,0.000352055477688321,6.32077539748241e-05,0.000251778869269452,0.000264604908344851,0.000489946852876067,9.19939450359269e-05,5.7322749469861e-05,9.61920849454343e-05,0.000132175246863326,0.000120304340704919,2.49024073773071e-05,0.000137511892355503,8.95218397559872e-05,0.000154267266222522,2.50238413759754e-05,6.55879867813986e-05,0.000165993099419825,8.57306772878918e-05,0.000142073564406396,5.09434312250182e-05,0.000101020183676051,6.46582217781585e-05,0.000157960198618996,0.000125869530868835,0.000140948745925701,0.000155127825097727,0.000160262615518115,0.000176007913623926,4.50595263637676e-05,5.02507773451233e-05,3.2986454145049e-05,6.72096985923001e-05,7.57642370662867e-05,6.24744963400776e-05,2.64916280151562e-05,6.48475260039662e-05,5.46931860896877e-05,9.84095761253569e-05,3.67941263384835e-05,3.34794482549512e-05,5.18284491093289e-05,3.10430027021327e-05,0.000103789266282565,1.71859631007848e-05,5.48046916689631e-05,8.34661595481246e-05
3.7113800100995e-05,2.91139172059025e-05,2.73690337355597e-05,7.7754454890535e-05,6.02855090558135e-05,2.47851274055753e-05,2.24847353176156e-05,9.71257334552603e-05,1.28008305436292e-05,1.34217123493499e-05,9.35552025655872e-06,2.37593316979021e-05,3.01805895812067e-05,1.71512533406964e-05,1.99259904762549e-05,9.33401430756341e-06,3.54637766454609e-05,3.61777044329892e-05,1.06013645620794e-05,6.83719518009202e-05,9.46402804200875e-05,5.00763537939643e-05,0.000264566349878263,5.48508706115302e-05,3.32486227017012e-05,0.000181363699758966,0.000217280003301305,0.000198952198805396,4.85067412784648e-05,5.20135444920069e-05,0.000106143664031752,9.97245589149879e-06,7.30373276738056e-06,2.03829412075106e-05,4.14788499231474e-05,7.73244123954415e-05,2.87250998222609e-05,2.5707981781065e-05,4.60198260212231e-05,5.22507771048003e-05,4.68922102470954e-05,2.17320468219287e-05,5.18026685105734e-05,3.51086613894109e-05,0.000118446903865124,8.21266741420632e-05,0.000130935924116761,0.000308171152824504,0.000534742468042464,0.000663625874929747,0.0025255274710519,0.000387123931770632,0.000863276121745619,0.000799814848596022,0.000668773784522582,0.000110215888574381,0.00033867696845075,0.000507758948958912,4.04740836406654e-05,0.000256676200054948,0.000292887887763826,0.00136026790448203,0.00108356667907722,0.00172726790835569,0.00171829062570331,0.00129173856812349,0.000899150414549356,0.00337592798684726,0.00169147500845552,0.000856480298976922,0.0101391437327028,0.00132695156397567,0.00194142630561699,0.000454257217675646,0.00135596125148062,0.00016754222738456,0.000311550118028513,0.000614892650978629,0.000628130143449943,0.000232425357043122,0.000104933136076174,6.29484502604427e-05,0.000318257684023481,0.000339495569001394,0.000392064880346276,0.00030165836922746,0.000157378273294273,0.00055025236065386,0.000489957773208236,0.000129472162477922,0.000138853565847895,0.000104268663658044,0.00033655035823195,0.000131525917584113,2.97653822313039e-05,9.27470263467376e-05,0.000196634501973312,0.000131752115970641,0.000115343503396615,6.47268146699014e-05,0.000112296474775586,1.11055477164904e-05,5.45762673121437e-05,9.50740821134788e-05,2.2992536422858e-05,4.85664422139053e-05,3.6395071084605e-05,1.88127026279948e-05,2.39445704957697e-05,4.49515835195447e-05,5.86656450102404e-05,2.47305524601649e-05,4.71633865462983e-05,2.58490282354249e-05,1.57952263237499e-05,2.49092340062708e-05,8.35580441527394e-06,2.42617301676885e-05,2.87603214717308e-05,1.86755139179111e-05
3.12682878805952e-05,1.63568150049676e-05,6.32354880429674e-05,1.07915748653079e-05,5.25089320800369e-05,5.16058420510382e-05,2.56746589233234e-05,2.48851449756197e-05,3.26442026712436e-05,8.23908609807192e-05,4.42891476877543e-05,1.16343474591949e-05,2.55115424658979e-05,1.85332227694401e-05,2.88989095525579e-05,3.54690518861972e-05,2.16806903387615e-05,3.05360187528144e-05,4.31682710235086e-05,0.000112898268715783,6.7212337177417e-05,0.000139611269427168,0.000125123445656373,0.000159470311246171,5.89667139327283e-05,9.49841989572234e-05,0.000108680600817809,8.8964414306204e-05,0.000269208877580937,0.000252099602552875,0.000108965547664791,5.52359752612648e-05,2.80928385178852e-05,4.22827855231253e-05,1.87869398422023e-05,0.000126432637694263,5.61309144771542e-05,0.000180222604611366,0.000150496225594244,0.000176451827359494,8.40363550386963e-05,3.23741576015564e-05,3.73114493683832e-05,2.96905182687153e-05,0.000120377301590282,0.000336215923812506,0.000111154245306199,0.000152277228985907,0.000121100060713535,0.00111404235900843,0.00171567804095879,0.00182956851784566,0.00176440206692695,0.000699597474700648,0.000369372947094305,0.000524126467845781,0.000529770582194512,0.000502620347496313,0.000324878783022077,0.000383189373249763,0.00072953420455781,0.0010695817183865,0.00149395769949622,0.000835876763759062,0.00392247016391297,0.00329485007019591,0.00202315946765444,0.00286780877351603,0.00383927013872005,0.00247092544482175,0.00166880424774117,0.00370829331212902,0.0024042461796012,0.000937504332851572,0.00176701226103701,0.000862698037365558,0.00108900617570398,0.000527386030139117,0.000320822743054583,0.000606160166305393,0.000314075809698437,0.000318492338329086,0.000119659941839862,0.000169141369818271,0.000181868352841246,0.000246218241417032,0.000192567411496377,6.28275198444075e-05,0.00012242371822848,0.000136900573331291,0.000175663713726167,3.68363985653777e-05,8.96812731843298e-05,4.11903960574617e-05,9.77802596685732e-05,4.98309895753875e-05,6.13103123671749e-05,0.000262341771752561,0.000242040775826021,0.000109135829019729,0.000101557464120885,0.000149106043679658,3.17698851452103e-05,5.81591485572164e-05,5.13240115881476e-05,4.30651281662801e-05,5.25613278314051e-05,3.8218643418964e-05,5.30197542584475e-05,2.75805914499984e-05,1.84814879466602e-05,3.21733069748354e-05,2.92183835861356e-05,3.5345495177525e-05,3.23472703423231e-05,4.14445423101068e-05,4.17109013338173e-05,3.20201709785875e-05,2.56855655505181e-05,2.34073947529366e-05
1.88772881408646e-05,3.74816008702547e-05,3.90568791359865e-05,2.65800097133744e-05,1.7731060060919e-05,2.88985900951295e-05,3.62837759058593e-05,3.9567410296571e-05,1.34754834006237e-05,1.1184923054848e-05,1.62420925913498e-05,1.28562000218931e-05,2.3441400351778e-05,3.71247201168256e-05,7.00577115714732e-06,2.08787830928252e-05,4.70892034931666e-05,6.65226374178527e-05,4.46275696202401e-05,7.26067520990512e-05,0.000162837049794308,5.29697445577619e-05,8.66970268361093e-05,0.000111585046788743,7.50581408970504e-05,9.2292607082012e-05,7.89945575607617e-05,0.000379016668526587,0.000115448181798845,0.000309232711348121,6.12220959024511e-05,6.64642789196421e-05,1.51937409628418e-05,5.70552921344416e-05,4.12453432141431e-05,5.55985968305336e-05,4.06622625758515e-05,8.07709231023981e-05,7.12807236788825e-05,6.75254044023261e-05,8.85886428357718e-05,7.2662486988791e-05,6.33040291938167e-05,4.60074744041532e-05,8.84792303532762e-05,0.000105971621613888,0.000117710660979357,0.000145515639290963,0.000403720095786379,0.000481028502151135,0.00580425010756371,0.000951438326628299,0.00031784743521444,0.000368678591411372,0.000749286071342354,0.000445158805371072,0.000402937350628654,0.000208944523583993,6.51654936777131e-05,0.000151652823864075,0.000365896872089779,0.00070375714718015,0.000570942973348828,0.00156346646575312,0.00320404017796624,0.00383912532707724,0.0119060492703091,0.00595370759430158,0.00427016965910983,0.00256439462794811,0.00289833062195408,0.00183807236122981,0.00108225376340283,0.00128901691810185,0.00151963810681519,0.000610648884085295,0.00121402927298298,0.000299394286787424,0.000413501553859432,0.000264748116236033,0.000124211183047292,0.000180316472102742,0.000356744038159182,0.000300710443220965,0.00045226386441891,0.000280334442068644,0.000209252000057311,0.000137271534321218,0.000334241123383867,0.000137972734868261,0.000186856423090564,0.000114428936086858,0.000277940409822304,0.000160659628735981,3.56289108012625e-05,0.000109501043246771,0.000146971790438716,0.000267895147475318,8.42097874634726e-05,0.000111979627932685,5.03407799763108e-05,5.29056437448598e-05,0.000104230559810422,5.68604752979395e-05,4.69062748419629e-05,6.94751419479889e-05,3.05085143677444e-05,5.79793813383289e-06,4.7388940611087e-05,1.09221468739668e-05,8.98395789065904e-05,1.93038794106951e-05,3.46170873958868e-05,1.68960228736832e-05,3.25916988888013e-05,2.32395171152183e-05,3.73861047043274e-05,4.78670830183995e-05,6.05229238445977e-06,3.43257513823666e-05
6.61205733386085e-05,2.04888660832853e-05,2.03109837122458e-05,3.9557203044358e-05,4.5340312862329e-05,4.56109742200077e-05,4.78881539518824e-05,5.10666277904097e-05,6.19165181290873e-05,2.38516959265789e-05,4.13435140323605e-05,7.64743281191798e-06,1.89413548826799e-05,1.9079008892402e-05,2.58075072570458e-05,3.56926157952276e-05,4.09314986657333e-05,5.08727477216703e-05,3.82460264128058e-05,1.79154353403599e-05,1.55982876189301e-05,4.57521523876748e-05,5.098373488874e-05,5.00050222225604e-05,7.32436838812519e-05,5.43045974649372e-05,1.42670243889224e-05,6.91834040245616e-05,6.80766963561717e-05,2.48203534795116e-05,3.02055850099766e-05,3.07060012639452e-05,3.47688899553468e-05,6.29850265464044e-05,6.36204225812118e-05,0.000151560604700723,0.000148848824240104,5.20789224775001e-05,4.76048800645124e-05,3.84182648188574e-05,6.54201149584864e-05,3.35746396463654e-05,3.46050725467462e-05,8.98546307826874e-05,2.39071152456967e-05,0.000134831691308575,0.000113058343378339,0.000110691343813534,0.000126255767397596,0.00105142771722447,0.00154001733207819,0.000873654282511268,0.000247733683191102,0.000359735680609768,0.000149541597307228,0.000292550757787679,0.000339484362973836,0.000247396068308501,0.00032780625944876,0.000338936070673289,0.000485394988139801,0.000565819197719336,0.000379404789352885,0.000777254383419871,0.00145383382773635,0.00123745225471725,0.00441667859490451,0.0017785674596329,0.00151745898394704,0.00188116058506874,0.00383626866399163,0.00255765190886631,0.00107824922147456,0.000625119889406573,0.000903000231961224,0.000284373564055407,0.000610958911324609,0.000108454927143275,0.00023899014875483,0.000214553210157151,9.99249802991752e-05,5.79259731608057e-05,3.86540729699706e-05,0.000177656375619958,0.000203837102068561,9.92119929801007e-05,4.01509174385236e-05,3.69750756176482e-05,5.70776661214838e-05,0.0001130670195692,6.32169821863591e-05,4.47874446749005e-05,0.000108222402083543,8.91361827572879e-05,1.44342261013803e-05,4.46809251530683e-05,8.85842013789326e-05,3.11328938919941e-05,2.60812216116132e-05,6.09431004504161e-05,2.26435548304539e-05,7.58713823260364e-05,2.98574756444219e-05,1.76985798962338e-05,5.07838297822912e-05,3.88189819810978e-05,1.88704950538105e-05,3.04863936005111e-05,4.82264050630019e-05,4.0054215646251e-05,6.16736194094728e-05,1.23037478740607e-05,2.06978023022371e-05,3.4197208969734e-05,3.34936089158799e-05,4.42070492651356e-05,9.19644162217607e-06,4.42118159929844e-05,2.55566696252838e-05,2.19008826986573e-05
8.4183836159012e-05,7.28706969045953e-05,8.08366107806129e-05,0.000103878496274174,0.000130444959009661,4.65371819341611e-05,0.000277849065998522,9.73194776688135e-05,3.80795614094766e-05,2.39210023481558e-05,4.84671158189028e-05,7.2112457648241e-05,7.36309882499978e-05,8.72436842667144e-05,5.46151852577493e-05,5.04518247702222e-05,0.000296387193303966,0.000403755504422914,2.81090611124175e-05,4.81611302471491e-05,0.000202252552219676,0.000231168577526795,3.76874184657736e-05,0.000172314602802607,9.82529864952096e-05,8.39416105721827e-05,5.55736420038131e-05,6.72914061087028e-05,0.00013722896572236,0.000102232519449216,3.25183790512086e-05,4.96635182803078e-05,1.79046594638675e-05,9.80906048939409e-05,7.87574433245582e-05,4.66399833309836e-05,1.35417518219757e-05,0.000150759677909284,0.000148342428193596,0.000127284542250176,7.16327852514097e-05,9.22310598921659e-05,0.000160408051186067,7.66683582973659e-05,0.000264194663187432,0.000100511739899584,5.94200923752149e-05,7.45815734205959e-05,7.16478564334849e-05,0.000326483006840302,3.52734772665363e-05,9.24429137552634e-05,7.51033017435424e-05,6.69146728404695e-05,6.94721658481321e-05,8.81734495632121e-05,0.000174987347894158,0.000135588088679765,0.000267394969157955,0.000732482361143573,0.0020369706721898,0.00216883047479975,0.0030606632705824,0.0211980158261736,0.0204384681338983,0.00125030821255862,0.0150450580223581,0.0264016210532558,0.00864692815403308,0.0384403355854019,0.00597600170853806,0.0202137323408782,0.00950470328482003,0.00300377677051615,0.00249162285844076,0.00257257467105168,0.00378876267163874,0.000852428043133815,0.00105404871932294,0.000346872629493966,0.000558018763589623,0.00130476239279457,0.000398018100072685,0.000157072759299622,0.000246199840305262,9.94819978702507e-05,0.000167979020824904,6.54645991043074e-05,6.41002252799365e-05,0.000146284594939404,2.96373504785462e-05,0.000153687620370241,0.000220243316681227,9.01984916967737e-06,4.19289477468433e-05,1.40736684272814e-05,0.00010897360297988,0.000219628021865096,2.99743248449067e-05,0.000133509033530421,8.30556823817379e-05,7.95665142064214e-05,5.08973946371892e-05,0.000145136958238914,4.47631356627749e-05,0.000135941815281021,0.000297592943173497,6.50623485117964e-05,0.000218742818309737,9.60183972399623e-05,0.000219968955743042,3.29448282762652e-05,5.80881453289523e-05,6.28404322792331e-05,8.58186604420773e-05,1.9606989986878e-05,0.000105610895122814,0.000137692751097776,7.32046042243768e-05,0.000111837261317785
5.92032661769142e-05,4.97930654314519e-05,0.000207443701371438,5.60081440861918e-05,0.000219741775522597,0.00407662673938416,0.0134637892186553,0.0119668557119319,0.0140687351087714,0.00506980347417327,0.0110519399384156,0.00633433036239076,0.00647045240530368,0.00317041722846489,0.0054240836133627,0.00389639741891856,0.000942891794153962,0.000831430317289897,0.00263915885557378,0.0103024073547957,0.0202297829517982,0.0248642375091701,0.0110342159572031,0.00884852652811799,0.00891859059641176,0.00903514513979223,0.00582270925304044,0.00507417031010768,0.00679701492894015,0.00102358509191967,0.0015595740999789,0.00436670003055066,0.00483053338221376,0.00170497694828884,0.00538364120278659,0.00936276585874586,0.0106522593284152,0.00143916282582334,0.0026558654869544,0.00535210333565171,0.00555353294508129,0.00712975858919161,0.00660610816136976,0.0075367924982654,0.0110866477578981,0.0126891467105799,0.0138495083754829,0.00930034675673687,0.00747335385310228,0.00487176390589485,0.00396491548539499,0.0053148825283834,0.00511743069915842,0.012124827615306,0.0100417123359449,0.00968724693131885,0.00970619383698663,0.0070566187286096,0.00225206652948609,0.00432808265549738,0.00321091577900218,0.00431528248586585,0.00367438735783972,0.00149370829771209,0.000931630757892873,0.00091830393161228,0.000519577355440041,0.00047489811380798,0.000572029809592652,0.000410898827151289,0.000126508411756367,0.000255633879189655,0.000251063379062259,8.17204483997674e-05,0.000486683064562146,0.000174571490948957,0.000870881815827168,0.00612946878122512,0.00782773589773312,0.00395615987928188,0.00283313365170199,0.00267130150951807,0.00675103830178723,0.000836690959510827,0.00509355302519884,0.00491252433209777,0.00554574420914068,0.0033097131577837,0.00333474980502895,0.00379381743244586,0.00282472147107555,0.00144431093634059,0.00185432385369329,0.00428919249149438,0.00362295045082929,0.00399127634893179,0.00188015930134017,0.00328556705550026,0.0032893057743863,0.00426480197099102,0.00348213092632258,0.000275677048953298,0.00158322094495467,0.000584043350837086,0.00741871926915992,0.0133206696583797,0.0187013169597602,0.0120683314180523,0.0107023400515821,0.0108988383824263,0.00899524154701632,0.00350285625884096,0.00260993182521962,0.00266921095071936,0.00271491902601079,0.00150563170888061,0.000261101373593762,0.000170648634919855,0.000333932984119789,0.000289108101786092
0.00039439623592789,0.000157293088400492,0.000123427610264498,0.000485964774247669,0.000637384695927702,0.00445510687732405,0.0095015834080846,0.00610253267817582,0.00964725551521755,0.00731655994564614,0.00736949838568979,0.00532724517737278,0.00493000485842286,0.00227099292941272,0.00171597557355468,0.00186467196127754,0.00472760692342035,0.00149887764716315,0.00276342049761587,0.00671528704200977,0.0130455910534342,0.0185029121781154,0.0199476873284787,0.0193761428513738,0.0435483438431901,0.0233678421079868,0.029285724736507,0.0122818456529229,0.0112099517707289,0.00271089183502548,0.00248155112941045,0.00342526314311056,0.00718248007435581,0.0140296138930655,0.0214581519854956,0.037590260765055,0.0415634726673457,0.0238946991847476,0.0157021025718191,0.0127331123573721,0.0133787452792158,0.0200276293360531,0.0197174866590957,0.0241724799368577,0.0261683043338222,0.033213278399869,0.0318110862253458,0.0323643216732059,0.0319037446911962,0.0233873336395521,0.0154823103063997,0.0210438617124896,0.0282811463681189,0.0364252391436642,0.0311359292710072,0.0180905284094976,0.0264668633115477,0.0246608975661345,0.0129062927070408,0.0207536792451539,0.0187593672383803,0.0156068925831866,0.0114751220493342,0.00627216545507019,0.00407869420784438,0.0031084327501738,0.00379650614590591,0.00151444526776472,0.00319470926426531,0.0015420100384671,0.000553671708102055,0.000668261290206943,0.000347653518305918,0.000258003714710866,0.000517341203613468,0.000700716433231745,0.00240905922416934,0.0119321231308734,0.00834982297469123,0.00338797201528564,0.0190395724656094,0.0190396650754626,0.0253697332129302,0.00603156653191341,0.00329140582119324,0.0136043609073231,0.00967300971111062,0.0121306432263732,0.00571602358412588,0.013344830386566,0.0103853793024652,0.00560151106283657,0.00623762669619065,0.00677255438451066,0.0116053193714402,0.00550362470068274,0.00790492581381069,0.00517030165118763,0.0132614758930394,0.00982125796028177,0.00699559793028591,0.0037526708107073,0.00243627565890062,0.00154493896242308,0.0157675115467009,0.0323268468461684,0.0173655691755672,0.0178048605733133,0.0239150809201347,0.01400827546667,0.00509099743879729,0.00461318309512204,0.00355442480154647,0.00555721853241054,0.00325022614192456,0.000631826289488193,0.000958771808415749,0.0018741122371425,0.00141079820217372,0.000895528705239301
0.000444482463149088,0.00097330378695905,0.000819508844214014,0.00112702654150736,0.00139847767459173,0.00176265047484877,0.00600634265187474,0.01225134118937,0.0220939128331496,0.0151498728284052,0.0083239394703216,0.0114110331225647,0.00587949639304316,0.00496901751919521,0.0101699940601881,0.00281550001585225,0.00039344369140481,0.00140599436060969,0.0026774957839425,0.0070233810457883,0.0129587935037961,0.0326113011352197,0.0115318363988649,0.00671994826927813,0.0149755235604817,0.0112918093352835,0.0342955353079078,0.0198474350785904,0.0264281836355519,0.0211870764035093,0.00661700381693517,0.0193838814444009,0.00456052152195837,0.00654666392361928,0.013254749322882,0.016129788902666,0.0222966924877558,0.0392112746831904,0.0465694245283282,0.061055709003879,0.0377060643235876,0.0132358480623377,0.0189355305275358,0.013396319910226,0.0164493836880152,0.00756909053906366,0.0124582331621807,0.00951315958991819,0.00818569148640109,0.00634693183584618,0.00775542045575601,0.0155295100241618,0.0207207587127698,0.012676306204465,0.0299573301322545,0.0625813448178047,0.0178279598059106,0.0187516728839215,0.00656444243771334,0.012500709627611,0.0118171815227332,0.00786294890145532,0.00901811621266075,0.0054054270494518,0.00106400885901661,0.00112661384279408,0.00274447797744647,0.000581482944825586,0.00036264055228484,0.00148020463328763,0.000171798639680675,0.00111424943386717,0.00123784105798851,0.000715012591359694,0.00137211871452797,0.00138543672011074,0.000772664207162801,0.0109137116440093,0.00435487591115186,0.0130789105186306,0.00643340976766173,0.0126982830368825,0.0106148112058888,0.00972123447349699,0.00643498867674405,0.00898233253356082,0.00477622755674907,0.0248916339132499,0.0233430737868276,0.0131220882393323,0.00308587137493371,0.0119046077098508,0.0058594698412973,0.0055327515468684,0.00876596639297221,0.0128228747324854,0.0163474471671316,0.00662922359733145,0.011697022665273,0.0048850433996263,0.00739023405548257,0.0155184564782704,0.00341831218941472,0.00883940873524665,0.0175585696816064,0.0120229266837167,0.00974097244200401,0.00381391201126926,0.010113012148484,0.00403173574706283,0.00265385146033262,0.00205130331913042,0.00129964348307869,0.000706796474576128,0.00118551560568695,0.000357795018119402,0.0016521362312994,0.00010319631105258,0.00141294005468547,0.00126208358209228
0.000226750696008667,0.000184117494902837,0.000122768180026415,0.000388415965007746,0.000847225940493903,0.000154401402707043,0.000417280423479157,0.000520596522524593,0.000666137243434725,0.000542885892892438,0.000744712097719018,0.000361628050075995,0.000226614520325708,0.000183547749695602,0.000188169419852013,0.000168624764695566,0.000221167934599266,0.000179867361703971,0.0032746130399903,0.00792327059208746,0.00846290213213392,0.00611484978565984,0.0067637070722159,0.00504972487106617,0.00349135898026476,0.0141789617023419,0.0583624966916602,0.032860954440478,0.0273978347762451,0.00339016067339798,0.000988666315790137,0.0102480967133731,0.00140734354774931,0.00102494599924345,0.000766859871754493,0.00469350244589569,0.0202431354050391,0.020048817116014,0.0128407079357433,0.0108447799174825,0.00899608711924653,0.022938698864819,0.00434471530314538,0.00763152343688996,0.0159427162098582,0.0260443162320443,0.0365288912757061,0.0336980361265617,0.0224149623339756,0.0245252678406507,0.0129501993319131,0.0208104218559206,0.021273035534417,0.0093450766641439,0.0114891735703279,0.00527764749501386,0.0100446301792902,0.0129223305962413,0.00358778808269522,0.00825524014036138,0.00389048231122652,0.0039978342427414,0.00170026289093581,0.00117015458762517,0.000869603149869901,0.000941904121405213,0.000555879980182427,0.000763130107924051,0.000190174808181295,0.000416950574784173,0.000336911680585241,0.00164977461661412,0.000200395961379631,0.000309488399206533,0.000302229941247963,0.00233306729731984,0.000835761268913278,0.00748390208952005,0.0622081551266375,0.0819096715256537,0.0131086075796925,0.0714295398616062,0.0157324228193098,0.0297040792971642,0.0110607227698031,0.00459652090831461,0.0358447310881595,0.00946644584709231,0.00568651861965495,0.00838441447557414,0.00592045279814546,0.00769694353430194,0.00798185763828191,0.00865630800745628,0.0103851566560295,0.00699389942283293,0.00896217864085616,0.00812119157909935,0.0082536108035084,0.00452564064885626,0.00259004794057499,0.00376383601208288,0.0022373958272538,0.00309022163951603,0.00118114341603019,0.00364216822326688,0.00219129362553754,0.00255110817039905,0.000769560755870977,0.000375480521299028,0.000981713096664527,0.000147985053561174,0.000122520235437221,0.000152659850071236,7.16500305985729e-05,0.000200858578126684,4.06256922965731e-05,0.000143852702289518,2.58588121809622e-05,0.000173665321801818
0.00475004554565651,0.00675801478062807,0.00377307388472772,0.00149207585852789,0.00095254047271049,0.00183224646369791,0.000328227813192474,0.000727799128293362,0.010626051870705,0.00145096985627399,0.000637134408360564,0.000673644842300097,0.000532084013678191,0.000301342167228063,0.0002076992198048,0.000206389642554865,0.000172095905342845,0.00118642921645956,0.00600405831123378,0.00598083005644109,0.0187638987721127,0.0466999911560448,0.0392998769360223,0.0208935208074861,0.140079587486319,0.0556393244372973,0.0389173159953138,0.0329617535468121,0.0383587647563004,0.0245554119696242,0.0116401911867935,0.00938231357817391,0.0225453724915426,0.00286327135087706,0.0197343058040664,0.0122221086378744,0.020713499793902,0.0299362796731662,0.0455229803894734,0.0719394781787289,0.136443414978785,0.16391553795664,0.144734364876015,0.111429328419515,0.139696991827781,0.0614646773113551,0.480520445726817,0.677692064399942,0.480383188767593,0.486755105764002,0.392509898270216,0.426378536745198,0.344554967489538,0.178164869743543,0.11318961934113,0.0407620797074119,0.0925367550555826,0.0952671769403452,0.0228968130758925,0.0514581232213539,0.0363818717939299,0.0517498465310653,0.0449475140298957,0.0184075711875711,0.0112684289530685,0.0150145759786687,0.00435996566730671,0.00408762257577445,0.00260853472652109,0.00307125226514676,0.00509681903738183,0.0013630492565772,0.000397234689139874,0.000730419720930387,0.00241873943397032,0.00337694822882888,0.00548978848364319,0.0147518065185725,0.0299222207547302,0.22475240788629,0.0886348422099984,0.165856716345389,0.118877127711896,0.0588306476671449,0.387036095954767,0.202470586429861,0.0882153144853438,0.0394148673942786,0.0728066650212745,0.0486563433637746,0.090826762607432,0.0598258811123875,0.0622529135899148,0.0637507320536969,0.053753115213796,0.0113944299147529,0.00989748579245146,0.0415064417615477,0.0813140889347028,0.0260360412966961,0.0273789051857276,0.0530364692580348,0.0534894945701071,0.0253516302742959,0.0424303783909428,0.0122792045232899,0.0111188508177827,0.0139143871920568,0.0152921006587992,0.00610608173237412,0.00212707621108228,0.00212154344505693,0.00384055721578014,0.00102655297741179,0.00171044238293702,0.000286810023697246,0.00106802094545261,0.00041115767901656,0.000439218421636933,0.000576950214446684
0.00247217215067298,0.00242444848056342,0.00268847792548282,0.000655421797275692,0.00112501766642405,0.000339090411452988,0.000291614244535281,0.00126163367809884,0.00272349095696912,0.000732037267391304,0.000698012805609782,0.000781498018460473,0.000341768996066207,0.000497814920055491,0.000224440688877544,0.000170324097907335,0.000270721585042288,0.000546426962731219,0.00327467133480751,0.0163712940728769,0.011739438217759,0.0143674880418111,0.0297561427569233,0.0205591399488866,0.0190783467793231,0.0264435575790343,0.0428653089601059,0.0336133047872535,0.0214754298650273,0.0106069547061361,0.0120825604809359,0.0101157858753232,0.00237392649657036,0.00273614460045463,0.00236640666114655,0.0137951010434668,0.0102488121228946,0.0145862452652859,0.0125371535992159,0.00886567836117022,0.00951894104053207,0.0138799832324279,0.0332104658178972,0.0607905996750141,0.0670259558005966,0.0513711182463702,0.0654126272201939,0.117104376564164,0.118946033957524,0.2314386801295,0.292782317411534,0.359365778207418,0.278012894550299,0.173333927532541,0.094219841019942,0.0622565085367053,0.0955448735857377,0.079908983508644,0.0393331633587903,0.0261695318794237,0.011644026534517,0.0303628358219399,0.0287422503915646,0.0142432591574156,0.00983700407006647,0.00830703250734969,0.00165731761171924,0.00335721468401989,0.00150471524212746,0.000950254833585498,0.00225329370848525,0.00135645939663437,0.000555842683441901,0.000958583089800304,0.000688814718034298,0.00127708698246666,0.00380768854878333,0.0140173270148304,0.0326309331611875,0.0491593458576023,0.0171368526898265,0.0923889230146445,0.0446069906189826,0.0148563768467171,0.126296700494588,0.148415054032916,0.165342999865877,0.131329127047175,0.118916584667747,0.0109680151379036,0.100145754854901,0.0200638499753313,0.0227665482414665,0.0149111482402378,0.0191090520622194,0.0142601363638198,0.0196577191374274,0.00660667849875413,0.0184969533387457,0.0102774199290282,0.0211556519780601,0.0122287027728957,0.0119180644858028,0.0363847263693087,0.0258738209806707,0.009745837268244,0.00408769600917679,0.0153073305362379,0.00908911284688754,0.00184230299566711,0.00122081364662456,0.00212041880583187,0.00125425891795046,0.00119486326745776,0.000117010320138124,0.000300678732922047,0.000359688272239113,0.000268053339456695,0.00108794512172843,0.000293219770970199
0.000150465472510807,1.58313339374375e-05,1.76562097482613e-05,3.82149322451491e-05,0.000104745238855623,8.26143666371484e-05,0.00012669239653066,0.000274192715119491,0.000279124023637896,0.000303308375690381,0.00018412629523801,4.898806175944e-05,2.68826286694178e-05,7.17721211555471e-05,7.41625736929465e-05,7.68010615948575e-05,6.69686544083294e-05,8.57955354200232e-05,0.000411934328453311,0.00491703814497764,0.00384109842835076,0.000467137013963955,0.00377550279331685,0.00171091341837844,0.00299616911558816,0.00413292689819817,0.00443154686014197,0.00150920378243747,0.00123167756848491,0.000271570245519564,0.000636007998489953,0.000548710895154594,0.000327969182659752,0.000209930955146189,0.000508340397246953,0.00151473128380079,0.00199478947577898,0.00169810025355452,0.00785468606871829,0.00429321115636738,0.00857063915874339,0.000903359892058634,0.00197323657330604,0.00255729016780629,0.0165531269358737,0.00722660156250398,0.0504164570106659,0.0408472277107294,0.0274542883635833,0.0230074743097688,0.0078737940678565,0.00192481883489507,0.0014238866549918,0.00119827130455038,0.0061144383819317,0.00179971611666153,0.00230664228283328,0.00145391669875323,0.00170815817792726,0.000323010106627115,0.00035686553857404,0.000540548652950397,0.000243724932340478,0.000137123543553195,0.000105409839727765,5.61918432465216e-05,0.000128175731031415,5.97793750895567e-05,0.000261197479070499,0.000459636354004831,0.000154080720598811,5.35327280321156e-05,4.42329465022472e-05,5.26275179308365e-05,6.50139449383232e-05,0.000166005742975694,0.000735943950818549,0.0029877260671297,0.00399169150544109,0.00122215375001472,0.00422445861606192,0.0010535151028301,0.00129699212024235,0.00471631237252152,0.00141490468875231,0.00498705974444023,0.00298087159771642,0.00244241067551918,0.0029865750802133,0.00544061564718892,0.00491401292071702,0.0029562967576448,0.00254529334691089,0.00826016370119733,0.00396156836297923,0.0034064586070463,0.00303610971957194,0.00890997500371658,0.00391335131082578,0.0036030781516708,0.00373005647595317,0.00072371146087238,0.000955319654662744,0.00105449289736243,0.00041032629757686,0.000337057099931784,0.000570205866159729,0.00080106843525734,0.000158073144673656,0.000131143903270075,0.000163846342807757,0.000160048602477622,1.48971507382437e-05,2.99708241407948e-05,9.36658099652489e-05,2.28192281780439e-05,7.00516575291641e-05,4.13007887373084e-05,2.06253089259878e-05,2.69609931388814e-05
4.53188311465681e-06,2.69138140695522e-06,4.64015689341591e-06,8.76143993411764e-06,1.54978729707704e-05,1.63412529985074e-05,9.72935178727053e-06,4.01393637917504e-05,3.02465260138699e-05,3.21247943025118e-05,3.76284315359077e-05,2.00975684872482e-05,1.84549018074384e-05,1.97401900181445e-05,2.40152747732685e-05,4.91089243272935e-06,2.17863059633006e-05,3.85241184252314e-05,3.82758096141211e-05,0.000244057920605459,0.000519573217041168,0.000400855118136893,0.000201909109709958,0.000722371476423224,0.000213541728591468,0.000190319114252804,0.0001503037372762,0.000316073594107876,0.000194358974400841,0.000277507740293656,6.12332951922412e-05,6.40687711584075e-05,9.6461996681846e-05,4.85457946351408e-05,7.90943366868503e-05,0.000307642302758202,0.000225992246932536,0.000492072868790512,0.000242912440442803,0.000308266594122433,0.000326714093286837,0.00149154250088524,0.000698023508156748,0.000212082514259598,0.000276558963405115,0.00294411719978779,0.000823807641351878,0.00130791095408227,0.00121608514722706,0.000404072130212698,0.0010306766120184,0.00146636941573217,0.000709733842677317,0.000418209930554666,0.000215985023638486,0.000475070790875164,0.000283954719025697,0.000365165502691813,0.000414344103744882,0.000127013239106107,0.00019991840770108,9.89025913106898e-05,6.03547268707962e-05,1.89072307682253e-05,2.40347465756658e-05,1.60323067249358e-05,5.56858333890316e-06,1.32087503767022e-05,6.4090918063448e-06,8.8993530111721e-06,1.40840818433489e-05,2.05825520215891e-05,1.62077385544075e-05,6.31554151457563e-06,2.10372691700786e-05,1.33955489107265e-05,2.57718829133677e-05,6.43798914595656e-05,0.000124679238768481,4.28745404212121e-05,0.000340838899751033,0.000238121607609342,0.00066541869028891,0.000269636013551858,0.000294228271120884,0.000211214284418927,0.00118528049813113,0.000861178563668935,0.000607195059432429,0.000476044053968979,0.000298862696415119,0.00043958630850046,0.000294388308441981,0.000320641736554021,0.000323881337936693,0.000366047672133405,0.000147076187581302,0.00132295736863486,0.000132317890928951,0.000108401324993862,0.00021078381533083,0.00024020704987843,0.000154744138675994,0.000158545111635734,0.00010867361730215,6.1190553811465e-05,8.00999827855654e-05,6.80644581010287e-05,7.04115105813905e-05,0.000168254428667553,1.40814816351717e-05,1.65053706282952e-05,1.47158954819179e-05,4.9113686882577e-06,2.3484815383763e-06,9.80174474306432e-06,4.38719279659285e-06,3.44681880485809e-06,7.0918688447654e-06,1.20782811002268e-05
3.17095672996985e-06,6.06242783089123e-06,1.09061164334701e-05,8.38088381637892e-06,3.79783577046408e-06,1.18195030833837e-05,9.39700779833957e-06,1.07586698510214e-05,1.19190401215945e-05,7.45923070671571e-06,5.31976113571618e-06,8.88612325385982e-06,4.46273014456377e-06,7.4966532874387e-06,1.53573810040209e-06,3.82691855045853e-06,1.33834982435157e-06,6.75938855759491e-06,5.39689272304491e-05,3.4398989965066e-05,4.61455973070658e-05,6.14058757247006e-05,0.000203517850988796,0.000129321771666431,0.000155902377492382,0.000194867305685536,0.000249886295643973,8.56109732366998e-05,3.71234831295e-05,6.3978788333818e-05,2.80316851803288e-05,3.45403776305649e-05,3.79235562295902e-05,2.21375798344063e-05,5.75134947385779e-05,0.000398355647920267,2.72238891578331e-05,5.61123741666343e-05,4.37781268938174e-05,0.000187923600379635,0.00046064556403321,7.84341980096293e-05,4.06456477560338e-05,0.000262021690282347,0.000432697285494467,0.0020682092572505,0.00123675035851647,0.000471207600108922,0.00116379691109972,0.000629375435412737,0.000307354827817937,0.000131036199860797,0.000381677738248726,0.000484551146767339,0.000175544234240382,3.63975384349213e-05,0.000269278958079951,0.000204941435941112,0.000398874372805252,3.08151052554896e-05,1.41793676180008e-05,3.07578161206787e-05,2.06695954588828e-05,2.03198117725849e-05,2.61478552856393e-05,9.27181957603592e-06,1.69662410280017e-05,9.21753893631988e-06,2.9933074625736e-06,3.53129437724934e-06,1.65278193124856e-06,1.70283318477437e-05,1.71846789080701e-06,6.79434262324708e-06,6.46210811405832e-06,1.11079627830323e-05,2.09527224279654e-05,2.87145103102588e-05,6.62063586856366e-05,6.61401669136568e-05,2.93350205632183e-05,0.000105101907774629,0.000231870575167776,0.00039980318939478,0.00013921265867836,0.00018757026784974,0.000148732518150528,0.000180239807493655,0.000290647393996405,8.9613870259883e-05,0.000883010850013085,0.00027488543207842,0.000108774700425817,0.000132317345436032,7.98545495230329e-05,0.000349571263298303,0.000128578167729979,0.00035645740251407,0.000585873233584918,0.000545110859642574,0.000127848221898842,0.000632768909137685,3.97065604065059e-05,9.24496233599004e-05,7.97265346774379e-05,3.93987648720726e-05,6.87858811172485e-05,1.79429416710335e-05,1.59114432060519e-05,4.05409758641614e-05,1.40914604657333e-05,8.22798975547904e-06,1.85483994838359e-06,4.03097609064093e-06,5.9498380132105e-06,5.3558102701309e-06,6.21499642384135e-06,6.9100243185055e-06,1.19915094747525e-05,3.09544284359295e-05
1.17884535394662e-05,8.41178133897687e-06,1.05533761326366e-05,5.35977966897889e-06,4.01624386886601e-06,8.30354060293991e-06,9.09457194111639e-06,1.22683378513649e-05,1.68391784411145e-05,1.6571966621431e-05,1.2360632331231e-05,1.14000427618533e-05,1.36546148600641e-05,4.34363608804965e-06,2.63102004437415e-06,2.86288072578578e-06,1.3858647632561e-05,1.86044801841386e-05,1.3822564299146e-05,0.000114190879268484,0.000170632092794345,6.77393849416399e-05,0.000124837367582363,0.000142098476585598,0.000435608544841605,5.16862804074615e-05,0.00017732937173263,0.000305857362618835,5.91774248157859e-05,9.81900289355473e-05,9.31862460084977e-05,4.27663666931874e-05,4.42079753438366e-05,4.98094066364728e-05,3.08893119978742e-05,5.37189569313223e-05,7.39829597657052e-05,0.000114671304463369,0.000109089932781625,9.88654136603566e-05,0.000148969452374045,5.97198413208488e-05,5.54498525432568e-05,2.23681099270741e-05,4.54670034238252e-05,0.000275469383091594,0.00135189515582586,0.0036742025125145,0.000916889117716922,0.000617132576451629,0.000464915130240835,0.000850200282235171,0.000758276215429796,0.00117518891447708,0.00103002868190587,0.000783933312401119,0.000512501354957588,0.000469434945888179,0.000260166982203901,0.0004369875145814,0.000130180255160668,4.15648951703428e-05,0.000161796683399181,3.60846040652066e-05,5.89650978385958e-05,2.04728976342925e-05,2.54037873093662e-05,3.97164238012013e-05,1.76988323318298e-05,2.22836860217571e-05,1.71947839959004e-05,1.15956875325342e-05,7.26513998036714e-06,1.07195092578355e-05,7.32406362828232e-06,1.64112941454569e-05,1.01394494331057e-05,1.16902540538368e-05,9.84312310614105e-05,8.11725281695567e-05,0.000321733086029972,0.000939497196288012,0.00144413093263343,0.00109199015650995,0.000394117272324057,0.000116783546207302,0.000316976177971319,0.00102162553869765,0.000479836770922487,0.000186778160398748,0.000220111866405679,6.65318485841643e-05,0.000516948427339775,0.000311721131140937,0.000405812608209184,0.000376209710970403,0.000345274859012994,0.000649391822603689,0.000462468347771435,0.000285366253989797,0.000720791769264614,0.000154068073867388,0.000221083084139114,5.93428421069413e-05,0.000158579778201884,8.93242279568052e-05,0.000108049034287944,9.84411579459429e-05,7.09207858324459e-05,7.39916759009997e-05,1.60629982626072e-05,2.75024144410246e-05,1.67134303881913e-05,2.11330777022074e-05,1.3145159179098e-05,1.26417744571159e-05,1.62785367718842e-05,1.57374739939982e-05,7.19526166641687e-06,8.36830014496871e-05
1.43009564798827e-05,8.71852291247062e-06,6.71031749766024e-06,3.81840397584659e-06,6.22804480066783e-06,2.02670256872927e-05,1.37580841925388e-05,2.15379323701244e-05,3.30220385597315e-05,2.76946592483503e-05,8.19240196926048e-06,1.82610345726252e-05,1.02197684321912e-05,6.45357145867885e-06,1.90532989573595e-05,4.09355592387615e-06,2.1017300335377e-05,1.68962731185555e-05,1.01036311224605e-05,0.00019732958985555,0.000120098324467368,0.000140437411748456,0.000138406581898153,0.000373770914182347,9.0243909188235e-05,0.000174520904626302,0.000186801063478578,0.000439774643275132,0.000154719548716166,9.40267333279674e-05,6.33677281291008e-05,7.12504662479254e-05,5.96300628260611e-05,1.30146359848426e-05,2.61185391207685e-05,4.98407701221558e-05,0.000147117951851282,4.9322078683836e-05,0.000157182037227693,0.000102394536898491,7.96860499053737e-05,0.000122449743896231,5.03382652741745e-05,0.000106934671534738,0.000294416399120309,0.000409579790924757,0.000674163883879996,0.00169381879696692,0.000172871107980644,0.00437169978698035,0.00158255131904556,0.00271949472220297,0.000635629720398786,0.00251020799144576,0.00102680861379604,0.00108015287270188,0.000393459732028265,0.000198467454638696,0.0005504255523073,3.49104346100683e-05,8.84367959569993e-05,0.000174804847174132,0.000119293428729373,0.000147795832189738,5.60174618547399e-05,2.31564994666663e-05,1.2980775011915e-05,2.8375737138778e-05,1.02183042148881e-05,4.00654325402631e-05,3.73974641603277e-05,1.56162291355362e-05,6.28319249379996e-06,1.82629995786693e-05,2.23871254275605e-05,2.43320785466458e-05,1.70764722878167e-05,7.66230347459595e-05,0.000262952125922242,0.000355919511007502,0.000443967837921006,0.000368153306833911,0.000800448201475372,0.000944705985102197,0.000538592754003032,9.4417598137108e-05,0.000679639550021789,0.000264465890014495,0.00105212865781837,0.000910395722150591,0.000351746239438951,0.000468683032749906,0.000272530858774927,0.00114069887284823,0.00038206807798588,0.000540820248229038,0.000126856319579236,0.00272263675596489,0.00035049857250415,0.000946119828482602,0.000545162098192026,0.000313445220740278,0.000763094791915093,0.000134646690793307,0.000172127743601981,0.000195353248549771,0.000222234464083168,0.000183605330221265,6.68729474975471e-05,0.000230016824775131,4.01920997295536e-05,0.000254613656880261,6.8776861190775e-05,2.1531988901052e-05,3.98085254492846e-05,8.3575993931447e-05,3.37325820009616e-06,5.27092277705516e-05,1.03190294744779e-05,2.27456452792339e-05
2.46638593939931e-05,3.37817818189843e-05,5.66747391651464e-05,2.24213709691175e-05,1.13080072588356e-05,8.69790410549218e-06,7.73076532581202e-05,3.95692679837776e-05,1.90757796130437e-05,6.20929720144032e-05,1.56977907262603e-05,7.50245465008875e-05,1.00276870595806e-05,6.76934062770555e-05,3.21504067829012e-05,1.13017600471309e-05,1.9057079595858e-05,2.83515563626018e-05,9.19524929041136e-05,0.000104737182486286,0.000154647397844595,0.000278643319139358,0.000687912254137349,0.00031768301586392,0.00198868987925554,0.00084558182752703,0.000655580079410101,0.00243949543449279,0.00132312261492501,0.000580866087018771,0.00253142499881889,0.000189350877190111,0.000411131364977843,0.000368333544320314,0.000293823734725338,9.64462714803606e-05,0.000108081837155371,6.51593381940463e-05,0.000177348196445854,4.76663171221702e-05,9.01049354752812e-05,0.000164239944612179,6.52193660067041e-05,6.95146979189008e-05,0.000109577527586085,0.000115796106203221,0.000451689695636003,0.000199549230831995,0.000256770112473314,0.00128832803350712,0.00169481156422502,0.0033364249895841,0.00244109279277965,0.000861270229347436,0.000457875092474137,0.001235130707584,0.000355783195150333,0.00111433543173123,0.000138627445712597,0.000458369863011045,0.000486739251869194,0.000143083590143456,0.000185093789725548,5.47825222156178e-05,0.000166149395151296,0.000110599344460724,5.57822277081995e-05,3.87651956851988e-05,3.63318398270455e-05,4.29691540185299e-05,5.78350726445489e-05,2.29799876094843e-05,1.19281560060308e-05,8.30053237369946e-06,7.79726360449495e-05,1.51619363164053e-05,2.42719985295874e-05,5.95162230120181e-05,6.01144405408392e-05,3.18032129823859e-05,0.000103045669328472,4.86207330112016e-05,5.71514797687934e-05,0.000256417042764889,0.000279952252392651,9.27159083346892e-05,0.00120788737420669,7.08049060445867e-05,8.08636718162685e-05,0.000321356552012295,0.000403619896351443,0.000152619590972761,7.68404606461403e-05,4.43017871309448e-05,0.000116030250247596,0.000199753866952327,0.0001394667006241,9.91939842012074e-05,4.99164766416624e-05,1.38619449692938e-05,0.000261043944486296,2.81994487614542e-05,2.27909643601257e-05,8.4523730699122e-05,3.58022185061259e-05,2.76590796116545e-05,6.26070136451294e-05,1.11190080783372e-05,2.97912777042253e-05,3.64494300328232e-05,4.2725439431735e-05,5.22565241516913e-05,5.58998644570775e-05,3.5156235194415e-05,4.72813819384168e-06,1.5689673193092e-05,2.55462106630951e-05,1.66361593238484e-05,1.24800975129471e-05,3.46484215492094e-05
1.73043723955958e-05,9.39527630948452e-06,2.01344584820573e-05,7.20374184499528e-06,3.41357370269829e-06,7.96183901141965e-06,2.52999915610417e-05,1.53655544560435e-05,4.44587039500289e-05,0.00014858544625397,0.000161404487296374,2.58862269253208e-05,4.16155416962617e-05,1.49100651572096e-05,2.05370689405362e-05,2.60884053458953e-05,2.4144732567645e-05,2.18583698977919e-05,8.37173816866965e-06,0.000143010529252379,0.00018010854014382,0.000121688144316713,0.000281569845529159,0.000911416642546973,0.000788412302218335,0.00128088907890253,0.00175084370054608,0.00183594880693145,0.0010306991754138,0.00168700125497388,0.00130490641283343,0.000902957516102376,0.000121032951385591,9.54314074289462e-05,0.000162625542449552,9.11396010507006e-05,0.000180765007505709,0.000403163852141265,5.17065277610863e-05,7.04196822695493e-05,9.516754473053e-05,0.000127396287262092,4.94410377260227e-05,2.97733935807127e-05,0.000110361126359164,0.000187627872423377,0.000150473299793456,0.000209746992472173,0.000221469800671538,0.000298047996832626,0.002275626702891,0.00297195843918069,0.000878008566218275,0.000644222463445455,0.000827522327125919,0.000607186664358744,0.00252036338171893,0.000367541252828428,0.00059638875582463,0.000635003727039904,0.000369710741003279,0.000203319131120375,0.000299844783104617,0.000267294795478399,0.00011171042704173,3.32115728940769e-05,3.26617283726483e-05,0.000130544249613697,1.29462662567562e-05,4.8927190341863e-05,8.42621431057081e-06,4.88239346746469e-06,1.52376706379721e-05,9.08698358552601e-06,3.78391252032742e-06,3.53547525937709e-06,2.055962789221e-05,3.21690740886891e-05,3.93410866739941e-05,3.7196528095251e-05,0.000400435838476215,0.000280111630112459,0.000865304385630269,0.000737270342874906,0.000648156863350989,0.000266168673713129,0.000459319454899706,0.000498933595079154,6.86553402959255e-05,0.000292226613233312,0.000312428521513045,0.00020766785897983,0.000273010208662175,0.00068596883511621,0.000193448908312723,0.000163137544194036,0.000234480530961643,9.10833956419112e-05,0.000101425236798825,0.000172033277000329,6.64961447771341e-05,2.22293064886318e-05,2.20956919582629e-05,2.04564217603508e-05,4.2083767552909e-05,6.67301842814312e-05,1.3716339743637e-05,1.05846178702067e-05,3.9396573944727e-05,2.36360166507672e-05,3.20660350277363e-05,3.06919401218911e-05,1.6864938679928e-05,1.34763288792236e-05,1.88115522161899e-05,3.34156932774991e-06,6.98005154214061e-06,2.12451056423225e-05,2.90798623961982e-06,6.89293018469996e-05
1.6878130924796e-05,2.83049136727919e-05,1.05714861527656e-05,1.52756142258232e-05,6.61388257339735e-06,8.05936534887256e-06,3.73042871437708e-05,4.24402209753631e-05,3.88986287485248e-05,3.66520756193539e-05,7.89117120824626e-05,9.91550218279487e-05,0.000248168340592293,2.77562130947925e-05,3.1500885101027e-06,3.63186470361223e-05,3.23189530066808e-05,4.15006043571446e-05,0.000100280623429131,0.000337139443463922,8.542726433201e-05,0.000719069164808666,0.00034427001079196,0.000830408060153109,0.00113361167581247,0.00140822469492382,0.00127442472602595,0.000747973965328991,0.00032712603063955,0.000715944805246854,0.000593821630669106,0.00032710326186222,0.000510454213684555,5.01163836077919e-05,0.000244833535947677,9.5760541390295e-05,0.000225412749151173,2.35216400957744e-05,5.50186625219059e-05,3.03767608618606e-05,7.23039835072099e-05,3.52979190485786e-05,3.45075070026529e-05,7.49999227908927e-05,0.00010413285120638,9.52824963938536e-05,0.000206344750290511,0.000407403198655685,0.000684294474006148,0.00138939211505508,0.00353940767672475,0.00253646529902564,0.00284630335867439,0.00130978649064227,0.00129026788036625,0.000822601232492536,0.00145524575374522,0.000215431880089374,0.0019136384293662,0.000606049714761581,0.000173319127849122,0.000461512152938858,0.00013003349800115,0.000681373983640141,0.000489950714009957,7.13113456975787e-05,3.21152889441633e-05,0.000140698066591989,2.94348586942665e-05,2.07971317972247e-05,3.7740655986597e-05,1.87101641260447e-05,3.6492685933105e-05,2.0258638900925e-05,9.12029186746622e-06,1.25531642033471e-05,1.5356906761808e-05,1.79119983089765e-05,7.45281488724751e-05,4.06168102583994e-05,4.23113262457117e-05,0.000154122887649775,0.000458037087919874,0.000321755524019344,0.000447661753657178,0.00028438607468742,0.000346309373409304,0.000654296190860758,0.000345064263673917,0.000137908000180709,0.000194752613020028,0.000164924422955083,0.000356138520154539,0.00014085450558054,0.000308080761796159,0.000209951391567816,0.000116864511699651,0.00020253456084605,0.000114418456563136,0.000605129237993151,0.000365712624124553,6.9402170425431e-05,4.75696767767065e-05,0.000113532396596329,4.94689369327973e-05,3.46931181819603e-05,5.35636959656115e-05,9.08419515479263e-05,1.99997855867839e-05,2.92718418939872e-05,1.00060526038153e-05,1.92481776934747e-05,4.24374798212216e-06,1.27289619395843e-05,4.60451301258553e-06,2.07182955050624e-05,1.41634317250257e-05,1.67472954940917e-05,2.5107721015938e-05,2.24307374335691e-05
3.38513208957818e-05,4.02099849752094e-05,1.08631640395412e-05,4.09048833902065e-05,2.34313480419082e-05,5.15053642147988e-05,3.05587144391455e-05,7.66904357687239e-05,8.27582902020508e-05,0.000146460582498574,7.15362720104486e-05,7.94699403901486e-05,1.8410440523932e-05,5.18806050919457e-05,3.26389860975577e-05,1.00953426123647e-05,3.20422910257872e-05,4.29433310873598e-05,8.46810337124637e-05,0.000625350095879369,0.00129057838614486,0.00133721128943155,0.00199841681230749,0.00321009705386224,0.010558372017781,0.00479209758296403,0.00571508175688656,0.00556662009880034,0.00327954109267094,0.0031237006294672,0.00315182545165009,0.000603359562034927,0.000495069667973042,0.00102232534229006,0.000292694683397924,0.000972671699909538,0.000734131630498982,0.000630262079718152,7.54575233445555e-05,3.8145680593773e-05,0.000289296676874696,0.000164809013407913,2.26387786335431e-05,3.79992928173748e-05,9.54473940171572e-05,0.000459102610384151,4.45567631296493e-05,0.000337449813135421,0.00132010873931229,0.00127450480576353,0.00603065571550682,0.000901377729310209,0.00198503284568044,0.000895114560680364,0.00398168532971546,0.00283145086254048,0.00226703302316507,0.00126511970634027,0.000256983642095559,0.00054695750427985,0.000928156092181453,0.0012359719263093,0.00298883694798894,0.0076486153265679,0.00332424267191862,0.00028403743269731,0.000154333626678068,0.00060367941226502,5.55603629231677e-05,7.66159198578202e-05,7.22890144777537e-05,4.05002141413492e-05,0.000171633782870581,7.62997395534634e-05,3.59979980178703e-05,1.90841335744652e-05,3.74978915388852e-05,3.50595663010902e-05,7.46376426921645e-05,3.75577965002894e-05,0.00032447648954487,0.000623390305085569,0.000446086587398903,0.00120813432873084,0.00189970464867598,0.00126563348370882,0.00136119480143342,0.00204275384737266,0.00130227094318986,0.000451227200308537,0.00229597665689079,0.000980596362342775,0.0012766153264733,0.00108049477993779,0.000953740172656405,0.00106335446424922,0.000618312741050069,0.00172751974074851,0.00212379924160081,0.00062999433132473,0.000520402228699175,2.87670297289895e-05,0.000337541775215043,0.000186459498561757,0.000201351222377953,8.2278144302674e-05,0.00010165904263664,2.63661329476724e-05,0.00019339118636071,0.000104721301515555,3.11158952447029e-05,4.44144749060136e-05,2.49925757487487e-05,3.78350520156945e-05,2.21402820217901e-05,3.56526169784864e-05,2.98222303193223e-05,5.14531522343044e-05,2.09289459344294e-05,8.51465691291182e-06
7.03447909569511e-05,2.69517483132617e-05,9.656942544622e-05,3.74350854048135e-05,7.58238914632776e-05,4.93903370343159e-05,5.15038657708674e-05,3.73999807786959e-05,0.000127088635670656,2.82349398300186e-05,4.35326422555703e-05,5.83525522291889e-05,4.432697363252e-05,4.79094581881281e-05,0.000155372506697036,1.71671957544959e-05,9.80606370856652e-05,4.93166347396236e-05,0.000166530967518668,0.0001718320616396,0.00118068889960379,0.000264064038762153,0.00128150162545036,0.00137474395350854,0.00021083651660353,0.000602089646084797,0.00090425396530334,0.00137087851090594,0.000718353867676377,0.000689660370508981,0.000312087231353297,9.75413762726233e-05,0.000113793707474841,0.000146237689749178,0.000108748304237684,0.000262819840282984,0.000156208114018138,0.000111885479179113,3.83672959409315e-05,6.05686517980199e-05,0.000104455461155842,3.35000138613436e-05,6.33816619897033e-05,0.000194846802433278,0.000438810103380618,0.000196228780277575,0.000333370542079815,6.99866104540594e-05,0.000712200025192477,0.000325659957283346,0.00185109632557105,0.00128625845958326,0.000819158052477445,0.00178999702828501,0.000393177640934063,0.000899038308122648,0.000149636300321082,0.000182691166703547,0.000214112480825754,0.000429903829953399,0.000941746125354612,0.00155035376221358,0.00115615702559944,0.00176074806978905,0.00176254544617348,0.000274639563046237,0.00044418422374187,0.000413652495272195,0.00028824686514887,8.65924830209685e-05,0.00010137958503093,0.000222695903135689,6.62242905639773e-05,0.000135556213097034,5.13337284695865e-05,0.00011838167114779,3.51337671687127e-05,4.37683519240215e-05,0.000144039422456422,1.71402707610658e-05,7.65886167272353e-05,0.000119423665398682,0.000197156480664925,0.000215951857018632,0.000218443543583124,0.000172037243920736,0.000208229177584575,0.000358416947526153,0.000455943021248865,0.000121025247101633,0.000288611766927481,0.000121730748942518,5.39104611173354e-05,5.4980246524355e-05,0.00015181698070366,0.000217335417427211,0.000147689151734963,6.05357311318653e-05,0.000138636050313624,7.22129794783237e-05,9.7975687781871e-05,3.6285432842125e-05,8.81772047990215e-05,4.42470369683693e-05,2.12676535986048e-05,5.86735021111774e-05,1.73235948474829e-05,0.00015146817917495,3.63611476219243e-05,0.000202895224534594,1.55448356956016e-05,1.69773817996893e-05,2.34137734424416e-05,4.43545338258386e-05,4.06138640016647e-05,1.21748431512768e-05,5.98105072170311e-05,8.72688194017993e-06,2.00250777310525e-05,4.65959677289776e-05
4.94785754927826e-05,1.35473389315348e-05,3.77310795745812e-05,9.81413601508418e-05,5.99013421461004e-05,1.3684750801442e-05,3.87680261825436e-05,5.33049295263145e-05,3.41907531758141e-05,5.8375294075637e-05,1.38998950544962e-05,3.04181573772959e-05,5.02177375356166e-05,2.30526522786744e-05,3.59543111202632e-05,6.32938605018741e-05,2.56135502511385e-05,3.67001839989055e-05,3.27055937406642e-05,1.84768203503642e-05,0.000228248943594666,0.000206137498348523,0.000284879823637136,0.000277034201355945,0.000191683919742107,0.000282942364772794,0.000358503740175651,0.000462469638573513,5.86117600063894e-05,0.000152052107663738,0.000103881928040542,3.84968490847876e-05,4.45469984911932e-05,3.69846193325501e-05,3.53325697946254e-05,1.98091768545158e-05,0.000130220534505906,9.0824858750004e-05,0.000149087264221129,0.000145969378777426,0.00028090546112928,5.16416620624033e-05,7.83714872036884e-05,0.000116086284164372,0.000154129461843797,3.37920916559178e-05,8.0323189390576e-05,0.000143394387737426,0.00023925654052876,0.00087449287927092,0.000232100456189396,0.00184642722435884,0.00147313572016239,0.00104023796941155,0.000248189956587454,0.000568536592549067,0.000573361594123412,0.000101026226983008,0.000302034265696723,0.000105911607343048,9.83444042978996e-05,0.000187420605547472,0.000169829396693682,0.000876490453635264,0.000558345651635113,0.000463687557462602,0.000163466177159613,0.000268396791000714,1.68059557633376e-05,0.000468289775553451,0.000229004209064322,0.000263269319091132,9.88375044115277e-05,0.00011724820922789,3.06066544851245e-05,7.09991181460347e-05,7.0937282390086e-05,9.21139030416787e-06,3.43360632925818e-05,0.000175595533374567,3.76693638172408e-05,6.84781092486066e-05,3.4646578622365e-05,9.60487823407082e-05,0.000187287986102895,0.000225552874144191,0.000203724414437602,0.000126722749911869,0.000212746180234838,0.000220421551707286,4.82472170817054e-05,0.000126026969510217,2.34347970598208e-05,0.000134125424942403,0.000121045354743403,6.72597700240313e-05,7.83263002116841e-05,4.85827947530753e-05,8.16619363638302e-05,0.000120254369830252,2.39106742868008e-05,5.23541679548344e-05,7.56742435049296e-05,1.32445719324124e-05,7.3095063724886e-05,1.35656757924435e-05,6.53171756019208e-05,1.91250217305169e-05,1.68706302212376e-05,5.40365729115014e-05,8.97371959520186e-05,1.01279201529844e-05,6.64356974998076e-05,6.47819024898411e-05,3.20474172458664e-05,4.7236031851263e-05,3.32573823900654e-05,6.76946971949602e-05,2.02195969328343e-05,3.49455900582386e-05
0.000127162281349606,2.80822228880737e-05,0.000105560650834806,0.000103469103987659,7.62689959168347e-05,0.000204833594699538,0.00018260937577107,6.28613961436152e-05,4.59167074772767e-05,7.55547740274596e-05,6.49971446852197e-05,8.50512316487246e-05,3.8257098068144e-05,3.42205917770354e-05,6.95769091495476e-05,7.26086221991153e-05,8.1780657221454e-05,4.66737231792976e-05,3.73476192888921e-05,7.14124345917769e-05,5.31020382059492e-05,8.70185476161659e-05,7.8087440731015e-05,0.00011159552306318,0.000530576695027737,0.000286716216147152,0.000136302429223208,0.000610183752731569,6.77181156542486e-05,9.56289776612148e-05,0.000108112147732538,5.48798890325416e-05,0.000166506708250229,0.000187480125962837,8.77406610643928e-05,0.000121199656368871,7.89015176730347e-05,3.32435362428886e-05,6.87711833466147e-05,6.23394932131433e-05,0.000141200196460185,8.63903050045769e-05,3.35307407487068e-05,8.27091458515841e-05,4.22561521599472e-05,8.91997003018171e-05,0.000205613303556955,8.26239695772219e-05,0.000504622562947469,0.00177190319342519,0.00215665477766332,0.00352967159851726,0.000990704711004417,0.00219736870644588,0.000492256905038933,0.00074561819483529,0.000132770772943771,0.000676423357950562,0.000280222133369803,0.00070355973359606,0.00078795744351782,0.00174084357643571,0.00112908070252748,0.00274968584969998,0.00136951487230029,0.00152307801111962,0.00188533778004505,0.000850521941629467,0.00154869779930682,0.000314167575965904,0.00101895840538117,0.000113067327451281,0.00071195773988044,0.000121176106990013,0.000412318704170649,0.000115645237744805,0.000246153160935707,3.9972147190887e-05,0.000124533945727771,0.000243532184987264,0.000152201511243336,0.000159086059609257,7.53263742990285e-05,0.000108251593709629,0.000138331022539319,0.000251941557305596,0.000187883872702317,0.000200287022713135,0.000111023533313666,0.000214928064163066,0.000136965289129625,0.000183215955123303,7.30832781577305e-05,7.57054166110658e-05,0.000174897660271005,0.000124402326903432,0.000190588459699025,9.05932313917944e-05,3.38459396398896e-05,0.000123246823423303,0.000138389012413343,3.84587218043404e-05,6.31456947737073e-05,4.29262625531382e-05,3.39298866069851e-05,7.82638580015362e-05,0.000114860954927395,0.000105684223478881,0.000125134783144561,1.16329475548291e-05,7.91949657751744e-05,0.000138968856572649,3.78306492455202e-05,4.79420847559304e-05,7.03175757068923e-05,2.47546576244956e-05,0.000248629385604628,2.30785115051311e-05,4.10807618269848e-05,4.17283568874687e-05
4.83961740157567e-05,2.76010072679659e-05,1.03236835823123e-05,1.96756395031997e-05,2.83214157278637e-05,3.90100494784072e-05,6.49054952834086e-05,2.58278141446341e-05,3.04002520033103e-05,7.06908236631404e-05,2.08214663419027e-05,3.72033145101122e-05,1.79791679432895e-05,2.70071351169198e-05,2.21912090995394e-05,1.75687555053062e-05,5.07631465801293e-05,4.96764017524463e-05,8.20097567531353e-05,2.81781334759237e-05,0.000138631738755818,0.000108670336080424,0.000190925706417492,0.000124867383251117,0.000188013682703577,0.000207849501796182,0.000315145838613173,0.000155698572370224,7.89498234543166e-05,0.000168252039131015,7.71466242243443e-05,3.25928528343557e-05,2.84910456006122e-05,3.76181408725649e-05,1.58612469345413e-05,6.73635160867877e-05,0.000104313919635656,8.49643462707107e-05,4.32031014064417e-05,3.19478646553056e-05,0.000235927909586661,0.000145441476014258,5.62027070956151e-05,0.000250581629598881,0.000100384903306223,0.000631737724062948,0.000324283669399332,0.000185677595459283,0.000481996797205159,0.00059368902029861,0.000627116337007802,0.0015907832049055,0.000532539617685902,0.000864384781783742,0.000439118500291973,0.00022216154151291,0.000415282807471241,0.00023497905937331,0.000178126384140381,0.000156504656693049,0.000402990462259535,0.000745095708990252,0.000139375042719364,0.00163121878423917,0.000333669374142524,0.000588571439349921,0.00285415944307541,0.00148274346742558,0.00046117412193738,0.00100572547666548,0.00172585327413896,0.000654553066428378,0.000573706166326375,0.000142072642491148,0.000733384197172796,0.000289614117573432,0.000440534340226096,5.88312452724714e-05,0.0002125485559043,0.000156106673879658,0.00012220175875412,0.000161465306873469,0.000108365020106604,8.06203005582142e-05,0.000285031640609139,0.000131680548498014,0.000101422239816857,0.000174593075643602,3.04202740864282e-05,0.000116527472370755,8.77379850506759e-05,3.76010735867299e-05,5.18545071836751e-05,5.96828365131405e-05,0.000138758049916539,1.22019503872965e-05,5.30085205861854e-05,7.3503930950161e-05,8.49977111550093e-05,9.34531293284692e-05,3.86820542041167e-05,6.2050844783889e-05,2.7123820192442e-05,5.71087013043693e-05,3.66852380158892e-05,1.72032129376685e-05,0.000116636488022592,2.55280369114804e-05,5.55029766054144e-06,5.81788965052732e-05,2.1165464696127e-05,3.71495133728447e-06,3.96938559297977e-05,1.03879120920611e-05,4.2267783367901e-05,2.9498423906541e-05,2.1558923420127e-05,1.03303543000748e-05,3.28819204892571e-05,1.41953363712625e-05
2.31186997962248e-05,5.04736335551682e-05,1.99070015157647e-05,6.1452635727e-05,2.38012439641808e-05,3.72964446399831e-05,3.75732759649113e-05,3.92034848934625e-05,2.26946402066463e-05,1.7029881882369e-05,1.44570517218345e-05,2.93885353577438e-05,1.12114265907124e-05,4.46901829916968e-06,2.54461446810002e-05,8.9564972017659e-06,5.69863473874618e-05,1.27963555823529e-05,8.3528405660282e-06,2.57224801214753e-05,0.000139720221933804,5.11830582003271e-05,5.19980595745329e-05,9.15663095557455e-05,0.000205724948274711,7.7544320026812e-05,1.35515174684124e-05,8.26963564566681e-05,7.7998199766176e-05,7.77269512862786e-05,1.75421396235632e-05,3.62588836488355e-05,2.47838452130081e-05,1.09474645444241e-05,9.83338868707174e-06,8.31557821505013e-05,0.000112543812740573,0.000102749756436195,6.96107371340651e-05,2.80077791229507e-05,7.87643307656635e-05,0.000112177671302052,0.000103029298548978,0.000161242235794049,0.000140724702335972,0.000696215802559083,0.00064469733926801,0.000242130457975944,0.000555456870677522,0.000455418910047394,0.00390464786785122,0.00135306518178418,0.000715018566974805,0.00118552514764371,0.000281753917067599,0.000247127641158695,0.000154676153807067,0.000249566004113324,7.87835723646645e-05,0.000131344195473614,0.000325334251943907,0.000283352522896071,0.000327908150639079,0.000572565497530328,0.00223985392542934,0.00135848864158218,0.000362552652236415,0.000503957744340519,0.000452636790609433,0.00105852429197474,0.000644182197911034,0.000313663769140796,0.00126182099914183,0.000321958030357269,0.000384540737911479,7.62343493442885e-05,6.25341356579341e-05,0.000139570974292404,0.000243122303041372,6.44847028542928e-05,4.17982076860182e-05,9.33537642466316e-05,5.6613025662052e-05,5.70275768269046e-05,1.04781975566922e-05,0.000138621179390096,8.37142436454786e-05,0.000114663878023777,3.35127390567662e-05,7.33718208493316e-05,0.000118415410430689,4.01399146033627e-05,0.000151253377880842,4.4176687386439e-05,5.10965107803066e-05,5.90968709921303e-05,0.000127861492250989,0.000164671031157668,0.000175806270383679,0.000183310163321925,9.91710825435358e-05,0.000132576195905316,6.16517549898314e-05,4.2053063349998e-05,2.90102170374158e-05,4.38369373022832e-05,8.94995684075329e-05,4.56529156595462e-05,1.75819543066912e-05,4.27094804382991e-05,4.33008048787855e-05,7.22984792007873e-05,3.52326690112314e-05,2.76114023397816e-05,3.43369238887273e-05,2.85573086743095e-05,5.86317021383283e-05,2.69473145724996e-05,2.38785263868845e-05,9.90636614667156e-05
4.23343815574279e-05,1.28636860731043e-05,2.41631213213982e-05,5.97104613481045e-05,4.1546493342671e-05,2.8759826363844e-05,3.43490350005795e-05,5.43755010809783e-05,1.46240632240478e-05,9.954906353604e-06,1.81304427300904e-05,1.87137573153843e-05,1.47224790609506e-05,8.12551628482981e-06,3.91010824855905e-06,1.32584789696737e-05,4.47595672575241e-05,4.59491833810526e-05,1.67048022712311e-05,0.000101699754221064,0.000105485362045638,4.40374272008966e-05,0.00022604675612554,6.31966039267916e-05,6.15497996670472e-05,9.84084957713302e-05,0.000238364368251893,0.000151273945163557,4.10009852349697e-05,6.77727986008472e-05,7.88959817301267e-05,1.51591171152185e-05,5.52778584048648e-06,1.68479328193275e-05,2.84111259756994e-05,5.98200359135748e-05,4.33963113638055e-05,1.38914710979213e-05,2.83958525688606e-05,3.17304154928349e-05,4.14755011702049e-05,1.50804646517302e-05,4.80713143600111e-05,2.27115394186394e-05,0.000105367641658138,0.000112786280589199,4.69696251622033e-05,0.00044548220771345,0.000480615377754605,0.00021274669471338,0.00161974864435438,0.000154753742223398,0.000672975407608495,0.000567039854311598,0.000469102473466477,9.53608505215507e-05,0.000268577334463227,0.000316068434851628,4.5592177967525e-05,0.000286663280319681,0.000136003142081312,0.000571105075187711,0.00076572865128306,0.00161293739269177,0.000768386366330661,0.00104377698284284,0.000833558194253559,0.00211382565210038,0.00154148701271212,0.000623987551529874,0.00521643747568912,0.00129299027631356,0.00118905044669722,0.000700889550836224,0.000701856625735051,0.000355110278796507,0.000359816673490709,0.000329493224665434,0.00037797090527387,0.000116369465681356,8.58599601785507e-05,5.33953060204652e-05,0.000483626312167981,0.000710041700829233,0.000171066887932402,0.000124281615258588,0.000206573759604369,0.000304587287754737,0.000358773379931585,0.00018356394341828,0.000177371603782202,0.000123125652639866,0.000168473436165891,0.000115561640536614,4.51749446489425e-05,7.59669034865287e-05,0.000174009968234208,0.000168194239719095,9.16924900808508e-05,3.70726584125394e-05,5.9250474500909e-05,2.35848509610411e-05,8.01497044149157e-05,9.29322137632618e-05,2.30195178896836e-05,4.4005773305357e-05,1.70137490478153e-05,1.2000111009245e-05,2.66776134756688e-05,3.36904164055211e-05,2.63331339820062e-05,2.52838449257288e-05,5.14387771573074e-05,1.97071686642973e-05,2.05485209539076e-05,2.92210389840474e-05,8.44105520251738e-06,3.03576835676947e-05,9.77079631608526e-06,2.564970577886e-05
2.09557894412533e-05,1.04466838614953e-05,4.37371487346129e-05,1.41472640210946e-05,5.30275076625585e-05,2.77567533083918e-05,2.25150419805979e-05,5.67024856899748e-05,1.90286916104219e-05,4.57671730630167e-05,4.22333673412675e-05,2.00832062781717e-05,1.47992382736374e-05,5.54059582746825e-06,2.08766400073033e-05,2.01970370685725e-05,1.7794308758894e-05,2.99165680913203e-05,1.85513783161753e-05,0.000109423666799983,3.29726840288983e-05,9.16307153295626e-05,0.000105852245498738,0.00015704923079493,3.50451916351912e-05,8.7439206356192e-05,6.10289187788827e-05,0.000325350837900427,0.000123094468065072,0.000166955145114915,7.47085997435955e-05,4.0173194672161e-05,2.82877092929227e-05,1.44034988402281e-05,3.50585507398424e-05,0.000102510174790655,7.15718715332069e-05,0.000115142128554029,8.74739530356681e-05,9.76447201166546e-05,3.0400145202124e-05,2.56383931487245e-05,4.49644012838575e-05,3.44008811708807e-05,6.16609810800742e-05,0.000365699759517813,8.10832686038552e-05,0.000100193837212289,0.000155272467737134,0.00119814042815775,0.00364417952010381,0.00155510327774027,0.00124965727506568,0.00028292377156649,0.000628061242170735,0.000432950453123894,0.000412433780786382,0.000224200287842022,0.00012567418776747,0.00023113728119336,0.000724226792364233,0.000432303681911927,0.000711008879725397,0.00163838524379612,0.00127634726838168,0.00137146278144749,0.00222317797449915,0.00257438313889639,0.00154152830878256,0.00305882256390208,0.00289772419365027,0.00385924964157322,0.00211312760628486,0.000262135958775176,0.00107065299783844,0.000659119255856106,0.000888480738788083,0.000362272865105148,0.000377807323370454,0.000332744189782038,0.000125932956458064,0.000290376178523378,9.83855211827974e-05,0.000184117813242372,0.000177057557003129,0.000119930857793848,8.88390952013834e-05,0.000117500911787501,0.000143531047110231,0.000181818615024708,0.000107299985843677,8.51928031453988e-06,0.000117927662582318,6.39632841090249e-05,0.000108931237050243,3.52870162723266e-05,8.46221328997795e-05,0.000198522526034099,0.000107405222769405,8.12349592515055e-05,0.000152006369719607,0.000124245777656584,5.51602801621061e-05,6.60975361533037e-05,4.36606934475122e-05,5.28254439400165e-05,4.9277819787046e-05,3.62355279535512e-05,2.02382420579933e-05,2.78519876477636e-05,3.77596105466569e-05,1.98612622930675e-05,2.87990746157538e-05,4.7120235344876e-05,3.64567772675016e-05,2.85434033059923e-05,4.68360720542545e-05,2.10545132600891e-05,9.40773288735555e-06,9.25013577595232e-06
2.08051453003176e-05,1.87198286593795e-05,2.81957941345325e-05,2.07809313471116e-05,1.13076944440401e-05,3.70679740262101e-05,2.75126506995724e-05,1.69146825478326e-05,1.86099053224578e-05,8.30033587779965e-06,8.55344399911752e-06,1.02719319270273e-05,1.72167746286346e-05,2.83791375089073e-05,6.92182076524347e-06,1.84711642952546e-05,4.08516208042996e-05,5.20835666813035e-05,3.67208898370334e-05,2.84885930609934e-05,8.21177792761917e-05,6.05701346355653e-05,0.000130456200300373,0.000131924375787449,0.00020309573963114,6.37190068074483e-05,3.0180364331234e-05,0.000683349998299129,0.000104764956561548,0.000173722798793644,4.30057415026221e-05,7.80426872184348e-05,1.72456672615779e-05,8.32000487583975e-05,6.41270694240634e-05,4.20956721296719e-05,3.20869477524504e-05,6.32794685785757e-05,2.67610192588327e-05,6.22060547456399e-05,9.34366662362752e-05,3.85829753024371e-05,2.3900044395932e-05,2.466021662705e-05,0.000143322757196706,6.93471074793469e-05,9.21630114145355e-05,0.00015877666275371,0.000540505627365373,0.00106480430133057,0.00397113875501903,0.000808376550809185,0.000324406968771743,0.000248260015722275,0.000335455257916519,0.00025112194257594,0.000420413571359418,0.000142176246316499,0.000147381175257589,0.000112964010735433,0.00030695630903998,0.000466416759341062,0.000423666481336902,0.000764971101974745,0.00281753198083244,0.00189558629993321,0.00762570399720301,0.00512407874929989,0.00228713640896029,0.000670352566749585,0.00180176700398534,0.0011248320335346,0.00170970872783035,0.000922102788022155,0.00194609133995661,0.000423398893628882,0.000965995983266315,0.000252027787634506,0.000350562806252886,0.000218520775159315,0.000105925538788735,8.77142108108154e-05,0.000213912560688605,0.000215459630483919,0.000583197174571093,9.66318871823777e-05,8.76052046316103e-05,0.000177447800816825,0.000227049029305033,0.000177320926821579,0.00012693739701754,0.000152590323893606,0.000356042304594099,0.000132007356597025,3.56824082244555e-05,9.26119083886381e-05,7.00642399453534e-05,0.000180092022477894,8.56115659252576e-05,0.000163266637541177,8.50203095583526e-05,3.16463459727503e-05,8.43528273532273e-05,2.87840449224321e-05,5.88995303948846e-05,4.96163618906501e-05,2.69476125926894e-05,7.75706417093943e-06,4.60047442780707e-05,2.5389274168261e-05,3.47000613740665e-05,1.04108050790659e-05,2.51835576568801e-05,3.56002981513135e-05,1.52186426206247e-05,2.79810046957624e-05,1.50246412568199e-05,1.82434887741045e-05,4.19959835159737e-06,2.21042353169542e-05
4.24838447650853e-05,1.24515324360603e-05,2.94231255539843e-05,1.93941431851587e-05,2.36466664268132e-05,1.14211508153989e-05,2.7758400377807e-05,4.22533333165144e-05,8.37872359952615e-05,1.58330541036469e-05,3.14854013114017e-05,1.44148528363735e-05,1.76324590673264e-05,1.2480432606334e-05,3.97178219565961e-05,2.1767419478075e-05,4.68317580629943e-05,5.31110842694147e-05,2.95141284841263e-05,4.10557730054899e-05,1.84833723478886e-05,3.38157108582806e-05,2.77843750473579e-05,6.81334758528392e-05,8.39762808172696e-05,5.77148108384117e-05,2.53123093508697e-05,0.000173467565436128,7.03352061795614e-05,1.36066610950138e-05,2.39469049477168e-05,2.31904296140917e-05,1.19573627890243e-05,3.85673659846352e-05,3.42451339582818e-05,0.000114590185935166,0.00013202746359194,2.87625681154532e-05,3.67888223033331e-05,4.64018404538814e-05,3.77687329898067e-05,1.87405628611688e-05,2.9494643533201e-05,2.40620432567733e-05,4.27915998094993e-05,9.7763425946999e-05,8.41907816576737e-05,0.000105453148411822,0.000179945847416054,0.000980173115052932,0.0014033786419885,0.000359519964571459,0.000207586763151183,0.000351682522373633,0.000274122812411345,0.000253451619601007,0.000308141685554191,0.00011590523752396,0.000337164486399888,0.000522823547625902,0.000512521745109648,0.000785366025781134,0.000122733908505626,0.000700657915374713,0.000727001528862153,0.000498140186394281,0.00307580366565429,0.00261420092777751,0.00241069571229255,0.00191615237725874,0.000892015897607969,0.00134145549803013,0.00090836322686108,0.000371088795644297,0.000706862862985514,0.000286931057122152,0.000406652595003817,0.000154796098097894,0.000144787403715217,0.000174045517839758,0.000152183851468629,9.38664286963441e-05,7.14209674985858e-05,0.000125003338843782,0.000240351715328105,4.40554760083558e-05,6.16800530537523e-05,4.64173581705863e-05,4.84035607982028e-05,5.97146329379102e-05,3.25305171702709e-05,6.02853038167718e-05,0.000129190257403495,4.76108682930729e-05,1.95346869640659e-05,5.29760395386967e-05,0.000111229479650403,3.26672666347611e-05,6.77646578006467e-06,2.63783545882201e-05,4.63080835992456e-05,6.02054070390719e-05,2.75031446641237e-05,7.52830402257294e-06,3.95453463223945e-05,2.06995063831472e-05,4.57789386343858e-05,1.89125820865375e-05,3.06000454134137e-05,2.53874349941764e-05,5.72046634684927e-05,8.61973555033507e-06,2.31301403130217e-05,2.36876223580515e-05,1.94097643333618e-05,3.57322810845228e-05,1.88947329667829e-05,3.12095542975786e-05,3.34796074379828e-05,3.42756348099628e-05
0.000108325811254343,5.4881087627517e-05,0.000105524487849814,0.000105768945162014,0.000146564584226511,0.000110825969647494,0.000285556361666862,0.000115133571562409,5.79943704819442e-05,3.10977372746777e-05,9.61006390450503e-05,0.000119640161118044,6.80321801515097e-05,6.32969876789922e-05,4.91602802828065e-05,8.5504600901556e-05,0.000220070243985616,0.000257789298686841,5.95877871747458e-05,4.9295030733018e-05,0.000167013779174478,0.00021194358990004,0.000113959006218369,6.90633196111156e-05,6.50359597600166e-05,4.4464964475304e-05,2.16574108271016e-05,6.21255472016477e-05,0.000130748398267742,3.39312624994099e-05,3.25591982638739e-05,5.22953405728156e-05,3.67859011629738e-05,0.000105865580263612,6.23529138735003e-05,5.06207947771456e-05,5.17086134491432e-05,0.000138540443966825,9.85408105071929e-05,0.000135279388113943,6.63720871839183e-05,4.81224664360728e-05,0.000163745861176955,5.57625985420561e-05,0.000186680635199462,0.000136845540287079,5.30308543889875e-05,0.000118959337078965,9.0926343085615e-05,0.000237649933257189,0.00025599005358462,7.76329154164019e-05,0.000101506560097759,8.67107466659942e-05,8.62880360370072e-05,0.000108920689105949,0.000309366139289382,0.000115358923228238,0.000150161868540783,0.000687796267155636,0.00215326638615692,0.00278918081373303,0.00378405934226256,0.013224148638669,0.0122880433237072,0.00373081430280671,0.0127521153099147,0.0244708942506653,0.0193686882156662,0.0221681835152753,0.0164454444774707,0.0240489777135715,0.00924574559611619,0.00449042330804696,0.00106284788946853,0.00242620238883894,0.00422935735216502,0.000588161666043377,0.000749107705447548,0.000256299346923202,0.000835154266737054,0.00114030998285736,0.000316582008453865,0.000270203729997522,0.000271877359402285,0.000131426866161024,0.000175456555407369,0.000107648396667474,0.000114716523941652,0.000161332727517013,8.21616497566201e-05,0.000159449762906548,0.000185001704705227,6.22390080036449e-05,5.89160879241407e-05,2.39797177667168e-05,0.000204810586674502,0.000170623770014815,1.54360486940517e-05,0.000108185375262522,0.000171246795220047,6.67166150117374e-05,5.68949130651247e-05,8.01066184580457e-05,6.60060217393917e-05,0.00023187331477059,0.000248686206130658,5.00246097768954e-05,0.00015192863211341,5.25640588447471e-05,0.000124906151962296,3.90698550006714e-05,4.14502133196643e-05,3.1598972115202e-05,3.91257838960106e-05,5.35224695496531e-05,0.000166613808057564,0.000143417028957934,7.92179564469375e-05,0.000162972792595615
7.83806359773649e-05,3.00960878685469e-05,0.000151036549084509,4.57754922761895e-05,0.00022780523501443,0.00231286129338156,0.00857978560485331,0.00627824960271564,0.0118387471925896,0.00905611465108035,0.00858384183793765,0.00745582845664705,0.00414130973145282,0.00329357364350768,0.00264531389707814,0.00266872281472593,0.000565456307806363,0.000809150238799436,0.00230705222019384,0.00654570027702189,0.0122166040174672,0.014741639351937,0.00883911337175581,0.00981422757170581,0.00978853431346656,0.00478026121130368,0.00557111510961208,0.00398434327768455,0.00376066093378512,0.000843718915091027,0.000759994403727408,0.00474368050201129,0.00325442458064908,0.00242116124491989,0.00474958369326499,0.00510012959293145,0.0130245080632575,0.00231020671350248,0.00384882188528176,0.00246276616194364,0.00375086649990443,0.00558194519027062,0.00623819051807399,0.00703546097094275,0.00717116485893871,0.00846308901570996,0.00821278496126435,0.00569099096753893,0.0044729529326327,0.00367870520446176,0.00214969722131177,0.00518471741520524,0.00410133701795712,0.00771709564154386,0.00467182955618157,0.0106575101576211,0.00791715339555214,0.00600524600982915,0.00350222425434876,0.0037487510440922,0.00633294675128692,0.00305953719505686,0.00291263735787571,0.00049339350981196,0.000922970849487595,0.000842952336104396,0.000222499317695313,0.0001798066951715,0.000629928147074971,0.000219116458786057,9.75482250150347e-05,0.000216407559997678,0.000199788643415243,7.91818552438287e-05,0.000281373649539997,0.000311945267130728,0.00114144772188057,0.00395321275002968,0.00276359794009406,0.00352286118230196,0.00225697016065717,0.00362798260139321,0.00237558640822287,0.00100503191473481,0.00269105494670329,0.00490696391179235,0.00513177074413914,0.00318979328336546,0.00175707191711339,0.00406602317045974,0.00295435445173058,0.0024410480810049,0.00288098036046835,0.00568530199369207,0.0057381847786204,0.00437528083975738,0.00319140508832575,0.00522716219156203,0.00223608584675505,0.00429681720953746,0.00224397318263572,0.000209140590123914,0.00136204647997986,0.000524591156016207,0.00628531372467082,0.00662665274094331,0.013935636606457,0.0130601426376321,0.0081529904822083,0.00565041087112057,0.00561657648775923,0.00552605327439588,0.00176579085653524,0.00113956010900788,0.0014353347351357,0.00131903373141982,0.000157008665503018,6.08782252296891e-05,0.000191597768160752,0.000229901846731456
0.0001873859425589,0.000219258956865027,0.000208615995408826,0.000336259050565805,0.00135291591216577,0.00354165727753316,0.0107439405493207,0.00524265299713529,0.0122438396735434,0.00544306503256718,0.00841197462536022,0.00607501052819976,0.00214971972570365,0.00248261885554463,0.00473786159977501,0.00405971075289958,0.00314553509632421,0.00335053077743081,0.00535901224088266,0.00308936080180473,0.00807969427658982,0.0161832715767998,0.0125447122860607,0.00881694039648332,0.0200226234721517,0.00637865192417903,0.0216946619867991,0.0218252073694227,0.0123609121300153,0.0103423796118489,0.0021579121255326,0.0123679623168247,0.0202254123189557,0.00773582770561798,0.027089591077531,0.0403323103325745,0.0614464414737338,0.0434433894215188,0.0311420928001796,0.0321197503620225,0.0331484276132456,0.0337883697895292,0.0311028605327186,0.0367775444140511,0.0440672313793334,0.0424646412909633,0.0480270141405286,0.0425652628739672,0.0273593873687548,0.0226198276610949,0.00529016271703748,0.0127315848451927,0.0303347176387837,0.0424976875150228,0.0560503499258759,0.0469656529895953,0.0414644633333316,0.0363539083744648,0.0293832198483265,0.0348926670008926,0.0293727728448102,0.0219036133556326,0.0195750128900276,0.0140510404582059,0.00724863386829512,0.00545349602990358,0.00633797701184767,0.00348454989173522,0.00273549256751213,0.00314170500262181,0.000703644263710325,0.000428077862208365,0.000517779091286263,0.000389772865088508,0.000729141740982485,0.00199501400119326,0.00140559996006748,0.00738248038298549,0.0148840321661123,0.00961585238182737,0.0115937670075417,0.0287465993052875,0.0282360604686129,0.00941988269999989,0.00236930974351436,0.0115101207027706,0.00395449065494104,0.00948352450085569,0.00205279912259862,0.00688614499463788,0.00460397354097797,0.0102336667247306,0.0114499411520473,0.00887802078699919,0.0091699992249657,0.0107042469007325,0.0143247986788061,0.0107837518166942,0.00992134228072684,0.00988013431747285,0.0112535452925854,0.00671487927152523,0.00264422209831265,0.00324516280082931,0.0141470036289751,0.0339438335231168,0.029484244830674,0.0199823444445051,0.0236109923271095,0.0196688905858453,0.00809467594957885,0.00626504518481023,0.00761079493594667,0.00825474344709312,0.00366165070074477,0.00152061275566005,0.00265960578885056,0.00179448915200048,0.00166349991509966,0.000703578727502855
0.000636935981026091,0.00116512030451993,0.00102703450785201,0.000652901403195963,0.00121071670229073,0.001383125160962,0.00248652624039266,0.011194031054459,0.0269137939558216,0.0208964890243623,0.00701167878001946,0.00944069465050333,0.00339895798747926,0.00564629692174168,0.00747008094273409,0.00352220067053127,0.000612004123609413,0.0023643589733367,0.00519345992811922,0.0204786711551091,0.0182774537452219,0.0316457922930386,0.0282771159654517,0.0107752969222109,0.0391344353280265,0.0272347061386822,0.095723908269075,0.0659750841032855,0.084282674349173,0.0631322571564536,0.0183333984637402,0.023122621354406,0.00561112214492729,0.00785708800961219,0.0247633581552618,0.0136562665534732,0.0474778358402539,0.0682687203712009,0.0773464770922399,0.0700160661455294,0.0391316104986035,0.00891342090609344,0.00766090841817603,0.0234476082779471,0.0203740956179655,0.00890177683754887,0.00863586144805108,0.0101916841139512,0.0114413725357089,0.00689363463205089,0.0130333730893264,0.0257170008708696,0.0282379670946086,0.0172634637282545,0.0152831654499902,0.0893124503382233,0.0448987388941399,0.0254177261912856,0.0116870921738967,0.0223903795818371,0.00863052047626521,0.0117606022590665,0.0100359840968958,0.00246565583682661,0.000904904009583273,0.00137164889054029,0.00233247328700015,0.000932472599983915,0.00084022691150116,0.00216068096387011,0.000388296957212395,0.00170371467800048,0.00258596902936249,0.00204516543710513,0.00203362823269294,0.00208783701600223,0.00105483003301639,0.0236848437728835,0.0257672121259484,0.0116342448174276,0.0119035126770637,0.016830457651925,0.00617779038428178,0.0134702310515032,0.0122746497392955,0.0183353911791332,0.0162532753742246,0.0235656426891946,0.0223451234081781,0.023833840609765,0.00139531714257251,0.00691663479860252,0.00242151432085908,0.0047643016650848,0.00341800936943176,0.0115670920995108,0.0130717311900969,0.002173241623104,0.0105142836351302,0.00903103878717505,0.00517654528469677,0.0116570847195086,0.0106497410004784,0.0182753130093558,0.0217334511334932,0.0201320175712727,0.0179627751778925,0.0069586486054745,0.0141275263119315,0.00578195680132359,0.00412292388043531,0.000886917369880289,0.000679087936274354,0.000635165705115328,0.00178144732129299,0.000451353741786309,0.00115478432470572,0.000247526991407905,0.00129354259746287,0.000816026062674202
0.000172852165071336,9.12266643738767e-05,4.70471846106153e-05,0.000106302193124675,0.000345905957101587,9.9818429556422e-05,0.00020231953100431,0.000411435087186196,0.000934020889358778,0.000578116380641118,0.000329984836337963,0.0004463254609586,8.80697666610984e-05,0.000136607951116061,0.000187254747157307,8.55444819593216e-05,0.000341785380493601,0.000174938688523287,0.0038145083454471,0.00602940656260734,0.00434660629386577,0.00214545152590081,0.00466105204298691,0.00375787561079311,0.00643662457123368,0.0176123768064957,0.0323704075806096,0.0505388357217423,0.0354197879978521,0.00457121614507946,0.0007011502634267,0.00628495056728685,0.00273638706956099,0.000374828193315478,0.000795381924897663,0.00181474450312836,0.00918245950931145,0.00699742100561239,0.00802948515396395,0.00677592785808519,0.00731828475363224,0.0116988412710456,0.00282281302481463,0.00440090528774907,0.00930629244801442,0.00967555178308005,0.0131928413701101,0.0122539095966112,0.0101749863124967,0.00735210354352994,0.00345892494313064,0.00754419987519142,0.0200279315353214,0.00390557678938368,0.00422070168001648,0.00426273577885091,0.00401641542957644,0.00493543816243401,0.0013530061802684,0.00557107181427156,0.00130168540109385,0.00111104315940523,0.00075296028467807,0.000407461398493942,0.000388371286329411,0.00024813944153365,0.00053546587765204,0.000372804859760056,0.000123804636100075,0.000110960176488581,0.00019946371307708,0.000945962629953756,0.000203323138998272,0.0002837978849547,0.000168133108625599,0.000817049087046508,0.000462636372738461,0.0036667996795312,0.0212600564020543,0.040214691439645,0.00671196074865281,0.0386682351852917,0.00902146691237855,0.0151853307759361,0.017969421860845,0.00421255062420909,0.018962955493799,0.00458164656162207,0.00518408499293755,0.00327747785479007,0.00283596633259971,0.00432060537461348,0.00473659407601607,0.00439511338453458,0.00295797993904299,0.00376788770160805,0.00557109818213166,0.00547931254586206,0.00348672322239097,0.00692518093467085,0.00210365638433856,0.00238886547144655,0.00235355986568698,0.00560674668711326,0.000739682678428171,0.00521669502145849,0.00427539778138484,0.00390063985889304,0.000804483871182162,0.000842960650114591,0.00128746583760563,0.000163467913918124,8.61920054257981e-05,0.000155552629067392,0.000133162972675767,0.000119368595510809,6.04687840502705e-05,0.000249223259471795,1.51716927078094e-05,0.000162496996989518
0.00376092122746987,0.00437965808205032,0.00251381471719487,0.00124322970354814,0.000482304833393433,0.00077652157010446,0.000116973259292262,0.000205718864268645,0.00379328247258772,0.000755073105978022,0.000125648186504405,0.000257806490831016,0.000129910218138565,0.00016517965082443,0.000170505219352323,8.60275404407634e-05,0.000200493184187238,0.000736745604906823,0.00288133857701285,0.00500750565508266,0.00713927150448739,0.01332132425949,0.0100340431595671,0.0112600847369853,0.0238298538688505,0.0167773730258373,0.0168474625634979,0.0170498404621565,0.0118250734153451,0.0054753733166438,0.00573872418901601,0.00342077036087035,0.00523135471967162,0.00106451776331553,0.00595256104216297,0.00342067606615753,0.00519245898799705,0.00722721271538525,0.0173111536102572,0.0175117580425687,0.0342992504565998,0.0433373887804852,0.0353101460268331,0.0578143777059433,0.088516951183474,0.0361200282275461,0.315365368195093,0.384367655210957,0.342269367667041,0.38206192592891,0.3444921282826,0.3217157713312,0.146941721771686,0.0730535804165698,0.0366449229824439,0.0596816209515285,0.0416208478023759,0.0422457046559755,0.0187371002799111,0.022877811290064,0.0142511994774085,0.0186847153621854,0.0165964639246952,0.00971894903011663,0.00954805543916099,0.00490763243317308,0.00202515567947572,0.00172393486817098,0.00110134504759854,0.00191020320205561,0.00484892638424028,0.000454878649413752,0.000382522199918534,0.000181185729017982,0.000828610581470877,0.000698280701413983,0.00229345958539758,0.00293839788909633,0.0111962164795153,0.0411728037118495,0.0298195894455197,0.0611813233844739,0.0467800899442373,0.0276661246860161,0.146186249654985,0.148919555837982,0.198452467579727,0.0133485566908767,0.11041724003066,0.0313843723311891,0.0419120732184929,0.0343147761217436,0.0298710973966338,0.0359802203150111,0.0416513897565101,0.0175864828191541,0.0189533137307951,0.0185315312515778,0.0320329953402925,0.00755366267914775,0.0117478071408706,0.0124251971201694,0.0236508559840268,0.0158034493308575,0.0271677898907831,0.00528260671348257,0.00345755168055864,0.00354431076421616,0.00761173970460785,0.00284178965645901,0.0017928118318089,0.00133799938237216,0.0008343716684347,0.00198624471448538,0.000750608923603517,0.000276396750308871,0.000510613582899229,0.000457902290459315,0.000389398673679702,0.000255469569652687
0.00460274406206614,0.00110383193129434,0.00293342596651962,0.0010747920696684,0.000961008419699809,0.000392070865648954,0.000401803511986936,0.00151718905085118,0.00517884466492535,0.000687098647833739,0.000719983345635049,0.000987748325505939,0.000691453767110447,0.000862995966237196,0.000432599254033895,0.00032403463770875,0.000529444688548693,0.00277082517491782,0.0049555850118792,0.0137371889782025,0.012263138445326,0.0164242144031225,0.0485891121434946,0.0288665865982551,0.0276212885512738,0.0397578932950287,0.035903456182159,0.0560695076315858,0.0431520251040883,0.0102086005921805,0.0114040625635528,0.0142342994838541,0.00566807935459331,0.00385765367078366,0.00437516534366215,0.0127237267419813,0.0104664688931287,0.0182235754725215,0.0106882341905154,0.0202886422295647,0.0247735498229464,0.0299700431454069,0.0837765824394388,0.114918137711926,0.168927947729956,0.0911840240679029,0.19834241387316,0.243051627867566,0.230484261789344,0.385094021505444,0.511340221244306,0.575124985693907,0.380614160110376,0.233983958188357,0.19958774510039,0.148898259880972,0.155895670519224,0.119616171902092,0.0702375768484629,0.019034554647913,0.0404152878211511,0.0211264912194504,0.0346359032178696,0.0240999775563394,0.0113734423673868,0.0145242716843812,0.00519856638181453,0.00557696628165486,0.00238336405785094,0.00279244199201406,0.000937231172873782,0.00185881031813227,0.00122546792883597,0.00146020939101571,0.00177617367072619,0.00168941279874368,0.00419646128594062,0.0106837979892284,0.0283231207656164,0.122206372535206,0.0386966972354654,0.185676071973057,0.0688583864181597,0.0191776491210956,0.223144504954339,0.394976376183428,0.404105165703611,0.232687620458175,0.281544613312655,0.050816113917496,0.0986134420949301,0.0235997635013806,0.0527426773012596,0.0979434902275444,0.0370190316943065,0.0586608029740339,0.0784028699695812,0.0270781752233497,0.0280774948288168,0.0185099284130623,0.0915815219481644,0.0312431401417449,0.0320290964168934,0.0842437479852145,0.0703183741381076,0.0158544163405802,0.00741598607313764,0.0416009967132791,0.0198005389083366,0.00470366015648243,0.00240617005942447,0.00796385964607579,0.00293845229243907,0.00336075584142985,0.000194569337959305,0.0013113369855951,0.00127682129260594,0.000275853009835143,0.00150513997979544,0.000510106848574526
0.000373061607744117,2.06847528822157e-05,5.03144376915428e-05,7.27947684120852e-05,0.000134319226598019,0.00011405679908782,0.000183940205575609,0.000195316294589444,0.000177141081730038,0.000154666488733519,0.000169506933239809,8.36632008811023e-05,3.73822127714246e-05,7.77592109205994e-05,6.48616135866192e-05,7.83628936185332e-05,7.31951316069507e-05,0.000133329580586558,0.000669317143360172,0.00489303441435299,0.00837346011821793,0.00100870446373511,0.00232904847258216,0.00146276374047826,0.00258050702357681,0.00551575197141427,0.00576607501727685,0.00236683277577205,0.000962996000529167,0.000587585694728071,0.00110748237456592,0.000388502215526,0.000402523385014239,0.000309207384770091,0.000639019395586351,0.000780251578011892,0.00210482204417808,0.00222316621705049,0.0108337769945218,0.0128586061787806,0.0132688475267722,0.00240325888831628,0.00476744493985798,0.00383616321445375,0.0186247559471624,0.0149059622129357,0.0948565084013266,0.0880040293774142,0.03990174504863,0.0332542918737652,0.0131145401523073,0.00254466862186094,0.00252014176815667,0.00367041605664253,0.00898921093315362,0.00568522936964939,0.00532837824616638,0.00321262271769722,0.0018233785839867,0.000825876507312119,0.00102174017665245,0.000824207058487146,0.000474430717816601,0.000234706236324576,0.000256957098199917,0.000111790051150032,0.000294794398574678,0.000126464106662728,0.000440624914135662,0.000925292456919422,0.000235407131013577,4.73064263868091e-05,0.000148314205683603,7.29042355890912e-05,3.46795236200862e-05,0.000149489161971488,0.000787161014106707,0.00330487199572228,0.00579386091407224,0.00107250463201268,0.00700551208621152,0.00144891729962617,0.00409238071573873,0.0155089063773326,0.0023255339341097,0.0101994472806234,0.00738434296750904,0.00869636239931241,0.0033281912040815,0.00678076480244915,0.0128065800513949,0.00778252959570691,0.00542116518076004,0.00817393396128768,0.00954339795875365,0.00782767963510763,0.0065552663846602,0.0133147633257019,0.0110011949433502,0.00597078447983822,0.00782712101485768,0.0023062264612125,0.00171558620268548,0.0025170860838729,0.00149895770318046,0.000231647437123743,0.00103324491277821,0.000773750455005616,0.000268652966488378,0.000286760883838419,0.00044089148179732,0.000650519099482423,8.54412138574696e-05,0.000103907639938342,0.000140035230112961,2.55640506104617e-05,0.000143160220980676,7.37626049497729e-05,2.18066057568011e-05,1.5182613383082e-05
5.44684218985395e-06,4.00174622832003e-06,5.70263159316439e-06,8.51165916628492e-06,2.34253152351584e-05,2.98009441299877e-05,2.3742845700621e-05,8.85171973652661e-05,7.3889167422383e-05,6.42369084354098e-05,5.90857643760192e-05,1.9422168149716e-05,1.54486969504745e-05,2.12840537843181e-05,2.51640906295581e-05,5.41168832652943e-06,4.65854069143456e-05,2.65714791919287e-05,3.92959703080189e-05,0.000440973592930825,0.000784474009755453,0.00028908274201917,0.000532175635626638,0.000869219214641672,0.000290665779176269,0.000312684428678673,0.000526052688803166,0.000621555345761242,0.000274587664276724,0.000330540342354636,0.000101786772166331,5.55692837300465e-05,0.000148671299209227,4.63078112765462e-05,0.000127312138530045,0.000249926591836653,0.000427596444846433,0.000235128800882985,0.000383378965925624,0.00052292664826062,0.000734862701044547,0.00216561035600015,0.000979043385388849,0.00020318127113613,0.000314975124167281,0.00282904660276486,0.00155775582296325,0.00250364922651537,0.00133740881499018,0.000183141423375863,0.000729949623102199,0.00293157544257652,0.00149864519639189,0.000779422401454006,0.000805225649443595,0.000372322384535694,0.000248530535544783,0.000361630568852949,0.000460033822084576,0.000148472123653571,0.00023867379862663,8.68816298577904e-05,4.19274477625959e-05,2.75330564321713e-05,6.62870067801103e-05,7.3782886445549e-06,7.69656775454001e-06,2.02781974590234e-05,2.714107162728e-06,1.31124101689864e-05,1.11012711555792e-05,1.38690057077824e-05,1.68717481435786e-05,3.77854704392745e-06,3.61198363145312e-05,1.04268000396265e-05,3.51365908659269e-05,9.48209616567538e-05,0.000314197005885319,7.53214097748042e-05,0.000328000095536494,0.000343242413266849,0.000745699674505743,0.000409929105339693,0.000302155736727804,0.000445261931920583,0.00134316318743816,0.000616599585931702,0.000527996768460705,0.000798128692675413,0.000425206955341861,0.000557021957189633,0.000431917807489725,0.000462416085005369,0.000585781881660264,0.000722374933035652,0.0001935022320595,0.00101100740600445,0.000185325492149085,0.000159479511244502,0.000128028492099257,0.000484066750577527,0.000141789956023361,0.000161979797281134,0.000132395735567831,0.00010973476042652,0.00011437401350837,6.02559997536661e-05,9.57544034178943e-05,0.000215967355581597,2.68896483323783e-05,1.44298301588634e-05,1.83197574137717e-05,9.97465630129558e-06,1.80870208279144e-06,8.20412462995851e-06,8.59949678839671e-06,6.20945475701478e-06,4.46858618084631e-06,8.25759554627971e-06
5.72919739920788e-06,3.35131835575501e-06,6.08161120809157e-06,8.79272352424479e-06,2.94278100130416e-06,6.67560469389359e-06,8.15278723628874e-06,1.16069139313768e-05,1.28729700520133e-05,1.39274305826211e-05,5.74283681696554e-06,3.17333716014133e-06,8.79092604247952e-07,4.89930471018527e-06,3.28546938611962e-06,3.61855894043468e-06,2.09302762021991e-06,3.96068396749507e-06,5.33702152973215e-05,3.07708699863828e-05,5.15514637832661e-05,8.61796870253779e-05,0.00026478587115589,9.84910603614996e-05,0.000152036803399798,0.000212431281223042,0.00022284450464508,9.10526034300443e-05,4.33578040157949e-05,3.79384999495703e-05,1.72193551497557e-05,1.45028887922055e-05,2.37795241217863e-05,2.03519586806339e-05,2.65712449336167e-05,0.000377549719047485,3.99212812618373e-05,5.5356167011409e-05,4.90396547766095e-05,0.00029266203456544,0.000575797436647788,6.06638687467403e-05,6.94815608358831e-05,0.000229186697883601,0.000729676010720303,0.00168928623373175,0.000972878284512106,0.000634368937024163,0.00100417487614842,0.000671220245237016,0.000357413360583571,0.000155748567398936,0.000321098380389681,0.000299612670475596,0.000181770382776646,3.38129559325796e-05,0.000230951902722253,0.000241734316511316,0.000342141953636713,1.44049815590237e-05,9.81025908534908e-06,4.8394936484485e-05,2.01908160383512e-05,4.38214958184303e-05,2.88074771391957e-05,5.61850800973922e-06,2.47247781895481e-05,6.6494192728769e-06,1.98108494739239e-06,4.45880864461449e-06,3.6293081164806e-06,1.34880236145112e-05,2.60732934500181e-06,4.4562081090286e-06,1.10191133390939e-05,1.11338468890538e-05,2.21063678278495e-05,1.9768521883775e-05,5.12876043894203e-05,3.48621198925997e-05,6.86546727081051e-05,0.000116256163062332,0.000204304206661141,0.000427177761204375,0.000223165646526859,0.000243834800149077,9.81312068750962e-05,0.00020946346697935,0.000244834277185024,7.42457313546973e-05,0.00086105968041667,0.000236033300913418,9.53964944894032e-05,0.000140451847645948,6.05476464975328e-05,0.00022641614715128,0.00013609045210366,0.000383803438077458,0.000625760662111632,0.000609119071806376,0.000101614058698367,0.000557883829903847,3.2527540460321e-05,7.45978707505305e-05,8.53095018219909e-05,4.18505766370603e-05,6.63994867275335e-05,1.60086617163072e-05,1.40251943075942e-05,5.75798794401415e-05,1.31249184499526e-05,1.48813311722627e-05,1.00532078832076e-06,7.1525720073564e-06,6.65856920912527e-06,4.76149406114565e-06,8.8878666350769e-06,8.41772592536892e-06,1.03691906222697e-05,2.90986620926992e-05
1.55316550424714e-05,1.58365864730897e-05,2.10370331040856e-05,8.23893286325051e-06,3.09720263926973e-06,3.12339839114147e-05,1.57348942049988e-05,1.36488033755466e-05,1.74572474341926e-05,1.30348364506055e-05,7.92244071869532e-06,9.63854157974171e-06,1.20338307152199e-05,8.3743318309285e-06,4.99823894180549e-06,2.21436715156557e-06,1.824064205037e-05,4.36426656327729e-05,1.00216682608329e-05,6.42719542256024e-05,0.000186294651268585,0.000194213715579053,6.83209880341285e-05,8.22872694989253e-05,0.000291598746696276,4.14139137721925e-05,7.51348850195828e-05,0.000240159392754792,0.000122969533718241,9.15133419166908e-05,8.86369693168544e-05,4.12261799654767e-05,4.25983295406571e-05,2.78902683553972e-05,1.35017141785411e-05,3.51597364297998e-05,3.43198197775261e-05,0.00016331418327444,7.33988601940071e-05,7.30629551763326e-05,0.000124233002580064,7.71930644917291e-05,2.03146115256889e-05,1.83410541356715e-05,7.55078565987584e-05,0.000314288620708482,0.00118544102928824,0.00401057238318542,0.00172751853004656,0.00145514547353289,0.00141185900852933,0.000937379297195335,0.00154959994290856,0.0018751804778461,0.00152879376976798,0.0017892297758461,0.000492119764998029,0.0005848414260457,0.000369448623265708,0.000290107438409113,0.000278597894581825,2.8959335034734e-05,0.000115816196229576,5.48114517922174e-05,7.78264036454089e-05,3.77939310513137e-05,3.14443305236297e-05,4.47801193062858e-05,2.54288779752038e-05,3.97077293892944e-05,2.69568439753364e-05,1.14823836055444e-05,1.53824295284089e-05,1.31491542324226e-05,7.75029717020209e-06,2.6224246660471e-05,5.02054043409748e-05,5.02558162439566e-05,0.0002519154711059,8.2173661525023e-05,0.000246657494977998,0.000933608383666991,0.00118618378049258,0.000872945301616384,0.000281691151011077,0.000261377189139462,0.000155636692625182,0.00103458648699876,0.00049442459371128,0.000176687720778233,0.000143914832211741,8.98943955258836e-05,0.000652759182424517,0.00111532523829538,0.000463654447119301,0.00087787006153258,0.00114998323502696,0.00100961961327276,0.000942703869459034,0.000815542224582726,0.000451103623906076,0.000319945398962275,0.000556784720994687,8.12019052109345e-05,0.000398606307901056,9.25041861983697e-05,0.000242316198135057,0.000290964155898698,0.000204541628157998,5.7884708237615e-05,6.20770552251759e-05,4.95655003659866e-05,2.48974563560669e-05,6.64738752480966e-05,4.09919150663752e-05,3.75746580764607e-05,2.2414578248575e-05,1.44235912902779e-05,3.48136803725367e-06,5.92721138761827e-05
1.41232401727784e-05,8.15132401538362e-06,1.01112145566848e-05,5.72319848030237e-06,3.04088388569132e-06,1.3120978993504e-05,1.44146864767191e-05,1.98949414268379e-05,3.47309233324989e-05,2.71164283328975e-05,8.40298691820291e-06,6.66442991376491e-06,1.45572160708005e-05,7.03520786681897e-06,1.49250739077116e-05,4.8230431154503e-06,1.30018330663484e-05,1.4171693802691e-05,1.30100442204307e-05,0.000160124043403576,6.90963482163644e-05,0.000146494422780354,0.000177691245066575,0.000231234807054772,0.00010654097102787,0.000159751996900498,0.000209317586867169,0.000202439164041461,0.000145111430832871,6.90081636683507e-05,4.34424595486514e-05,6.01912655257717e-05,4.12896123385556e-05,1.41204062274582e-05,9.5561233327027e-06,6.09107952043279e-05,7.43024836959157e-05,6.15535048994591e-05,0.000101282881881264,5.23052551842751e-05,5.31560390180268e-05,9.91806048609336e-05,2.84785610297998e-05,6.67250122810827e-05,0.000149073690697396,0.000247589207677674,0.000686640805605734,0.00172586638984554,0.000211196103520741,0.00204777763600761,0.00163584291553156,0.00226225501730342,0.000472795151230932,0.00119874978051915,0.000982967829712366,0.00114600296669314,0.000374790085191407,0.000148130498982334,0.000789837117569535,5.80543333019743e-05,5.66994629288222e-05,0.000152921027495537,4.90506559571859e-05,8.91376894393025e-05,1.86001124110863e-05,2.51917873648162e-05,1.35197324277957e-05,2.06598872963351e-05,4.91855410871344e-06,3.02801547054726e-05,3.27584264762681e-05,1.61839699919101e-05,9.83730763017049e-06,7.09784333376858e-06,2.23000856463804e-05,2.0691720480217e-05,1.22278652139738e-05,6.56281725927044e-05,0.000177331205745886,0.000243207730011822,0.000453348390337272,0.000507180205179088,0.000423896271800953,0.000693946268107741,0.000177123399159178,0.000113725031288643,0.00067790169781821,0.000143920042079627,0.000861468362869485,0.00103081988910737,0.000288517975238168,0.000159996239812838,0.000224091034171665,0.00080935070421907,0.000480155775797068,0.000656886730843092,8.94773838957247e-05,0.00273376808948137,0.00031811196639012,0.000518983272095955,0.000294585080545883,0.000277485800510076,0.000940793959416269,0.000177843508513761,0.00011731785532677,0.000243184622664931,0.000311268461920261,9.56495854964932e-05,0.000101019471575058,0.000185200728545202,8.07933619083952e-05,0.000210899922264765,5.67668407465226e-05,1.79960194686192e-05,2.25821790394328e-05,8.77253637772573e-05,5.93803073786708e-06,2.88969976675014e-05,8.65638148713701e-06,3.54431640935575e-05
2.63122195893574e-05,2.42315632513479e-05,7.11264339208117e-05,3.00241968998019e-05,6.81116845391346e-06,2.09306411093803e-05,6.73794573963381e-05,1.97865347612836e-05,1.34437658051292e-05,4.48223247871357e-05,1.34822839362416e-05,7.23551964861218e-05,1.95536616931797e-05,7.96912105332714e-05,2.36138992196722e-05,1.9332994077485e-05,3.07730507899711e-05,5.4720035241898e-05,7.50278158298512e-05,9.23283122039219e-05,0.000103451095897088,0.000271916863112079,0.00050626021217086,0.000488744350704318,0.00101600082907169,0.00130855976529461,0.000665646582374111,0.00383122542833343,0.00256831321148398,0.000569581160448144,0.00344456685204617,0.000520591300640538,0.00020709630772065,0.000459565470208979,0.000339809668972879,0.000167042700078879,3.88505442805229e-05,0.000175493674388392,0.000103054279266559,4.50031270650262e-05,9.48983403503795e-05,6.9670325557745e-05,4.0061572995778e-05,6.05097144057654e-05,4.36332120562968e-05,5.37732859773955e-05,0.000301648503341825,0.000294169344215953,0.000162846873730838,0.00047961487121656,0.000976276450608039,0.00386729903386429,0.00313880579141738,0.000722985081135034,0.00107485957102412,0.00167554652764115,0.00066547147315758,0.00170778361750613,0.000355445936345718,0.000445038981943983,0.000575663929401789,8.43162493181853e-05,0.000198546646940184,8.23570814548307e-05,0.000126642678871306,0.000109370801687584,3.95224071513094e-05,4.09483172643796e-05,5.70545955217151e-05,3.91977399322663e-05,6.78660916120343e-05,1.66730827057948e-05,5.85985976643526e-06,2.88792869129936e-06,7.44350350492384e-05,6.4373971339682e-06,1.71054142665322e-05,6.16207843359824e-05,5.21576055595772e-05,3.0299453966174e-05,5.44683279142236e-05,3.51159680000018e-05,4.20019803726533e-05,0.0003009332225156,0.00019467430327535,0.00018814832720307,0.000936029558374886,5.05815502623435e-05,7.71080372543697e-05,0.000159465839513407,0.000340438644294585,8.87624405727672e-05,7.44328153702245e-05,3.59995619009475e-05,6.05031735773756e-05,0.000215742381400377,0.0001238407521988,4.21261969466614e-05,5.98123040454653e-05,2.41054218394138e-05,0.000172972891032101,2.98724701620965e-05,2.93471701443354e-05,7.63331752494695e-05,1.65590978257453e-05,2.64980237007404e-05,4.51324899330969e-05,8.42992307826369e-06,1.6746483106728e-05,2.06380306273353e-05,4.06447916032407e-05,6.13741771994071e-05,2.79606984272652e-05,2.56796396576798e-05,2.59393946819375e-06,1.05273632495425e-05,1.7340670060478e-05,2.85143251535116e-05,9.64971865605386e-06,3.71297632888992e-05
1.45481354748619e-05,9.08250314642839e-06,1.84300003976151e-05,3.78425089946921e-06,4.82873461948321e-06,6.40459900233308e-06,1.69646637047277e-05,6.47318596112819e-06,3.26282424494916e-05,0.000104894392656935,0.000125144857894612,4.15991892043607e-05,3.52381778673425e-05,8.74765736593889e-06,8.95284945906749e-06,1.1380138441942e-05,1.23461107407571e-05,2.42872340499213e-05,2.08249004979032e-05,0.000135565241616905,6.51187780975536e-05,0.000108256347588546,0.000136563872767514,0.000811218122574906,0.00052655625041876,0.00207231969590649,0.00142043508456688,0.00213624155861085,0.00120090403190308,0.000877979744447098,0.00163788815912135,0.000754674355355482,8.64158545361342e-05,8.74005382594396e-05,0.000135284540945361,0.000209870291673288,0.000128255563504273,0.000303028047357622,2.90779296506792e-05,4.66589733412064e-05,4.95251651384054e-05,9.26504839784425e-05,6.93204086275381e-05,3.98170357127348e-05,8.13304663707692e-05,0.000126100297836515,0.000100694171115151,8.6621566593223e-05,0.000241577936814113,0.000258297620868413,0.00196068260516716,0.00240938865915296,0.000343979591416373,0.000486367928684725,0.000571041048637757,0.000205119907281662,0.00155224206318408,0.000485951180947833,0.000531749383728495,0.000521997648784068,0.000313001368992389,0.000230405640286803,0.00025993160775915,0.000300102889067479,0.000102548988750911,2.57491583061261e-05,4.82098871671851e-05,9.73574708438583e-05,1.44751124978312e-05,3.77969095538727e-05,1.67557309155339e-05,9.32269018220148e-06,1.03035793346508e-05,9.28131285664348e-06,8.36627391790279e-06,9.88312219092083e-07,2.57316148123176e-05,1.64124103962948e-05,1.69473390616829e-05,2.83496590856192e-05,0.000208283260470784,0.000188580122648935,0.000481065722834077,0.000596970309314973,0.000640768182636695,0.000250816062140632,0.000326102412119885,0.000346729166524907,0.000117943879053579,0.000227278574668894,0.000154960544793225,0.000309444783859134,9.63732085950244e-05,0.000551650355312756,0.000165243352830281,0.000145597856174651,0.000123335488677952,4.26775403687149e-05,6.79885876994387e-05,0.000193208210319084,3.95199403850605e-05,2.23209343354069e-05,3.24653524112723e-05,1.95294015393268e-05,3.79335048329104e-05,4.14653688475674e-05,4.08479397993079e-06,2.27250719599149e-05,3.94572311436807e-05,1.11250120149113e-05,1.69924238241328e-05,3.04935367076528e-05,9.33414499244444e-06,1.15853975578959e-05,1.2708837040723e-05,5.88290141298551e-06,6.21804507608419e-06,2.18328634412287e-05,2.37314090519829e-06,3.38857026530646e-05
9.92703245728402e-06,1.78095378625956e-05,1.43359723140735e-05,2.42013342488019e-05,1.02089935495398e-05,1.74946180934477e-05,2.82750973223781e-05,2.47966203305033e-05,4.158532642438e-05,4.04540321067815e-05,7.14088708453174e-05,0.000100963813192667,0.000212926709796397,5.24231453536486e-05,5.35231203428481e-06,3.19695778689243e-05,1.65093170283064e-05,2.96969109077328e-05,5.24875620827712e-05,0.000266120590998317,0.000157929849420243,0.000535243627631964,0.000161742884514153,0.000614058231071025,0.00173362768498922,0.00151089748442328,0.0012676272579104,0.000784780197121483,0.000451149714598777,0.000381447432364556,0.000275679058932985,0.000171620794570324,0.000517699589028764,7.60624215052848e-05,0.00016663155800778,4.22274063174102e-05,0.000156100831134051,1.71965694935786e-05,2.69276100516657e-05,1.98170976576304e-05,4.96222550525143e-05,1.46973521117202e-05,2.25814350238741e-05,7.20849165436921e-05,0.000134128572595546,0.000199804878884899,0.000229096444883489,0.000253369798437064,0.000406785182648045,0.000979792547043899,0.00321015176458216,0.00261894279235057,0.00262104760504136,0.00261452418724599,0.00166029212464091,0.000985895636595193,0.00138357583775873,0.00045099600695645,0.00134641199633655,0.000769239438657676,0.000156931277880139,0.000602359885535635,0.000167051281028665,0.000442581174759311,0.00038619549121101,0.000126358168853095,4.12430804277866e-05,8.62195732451865e-05,3.37092874605334e-05,1.87003758666626e-05,2.09029144137383e-05,1.95599114139951e-05,3.67078382916897e-05,2.65502385664058e-05,1.5763700787993e-05,1.31007065207839e-05,1.71296447980307e-05,2.53674760283938e-05,5.48020709079435e-05,5.80580599180652e-05,5.55183199615316e-05,0.00012545998312424,0.00045753200613959,0.00040724880708798,0.000378057759039148,0.000349439234201077,0.000485554988176415,0.000748707461849254,0.000307549732798705,0.000134360773536195,0.000131929830560839,0.000195663687928152,0.000396888145914743,7.44333596558891e-05,0.000250367201563355,0.00010371431188958,2.98981057617129e-05,0.000275316899976125,0.000115471594215687,0.000591875526882449,0.000296677907423454,9.43087131381612e-05,5.49849078248778e-05,0.000100164384453648,2.62094244761494e-05,1.24124529638628e-05,4.38167223817214e-05,7.87606125895584e-05,1.21010526385308e-05,1.29991314852059e-05,4.00594980896547e-06,2.3092094877438e-05,7.40262153182555e-06,5.64275122879803e-06,5.59901441200501e-06,1.3413909529053e-05,9.87960448439805e-06,6.87302330276311e-06,1.81110706939328e-05,1.52078102438821e-05
2.69804696374511e-05,2.36722451001017e-05,5.51344581322644e-06,3.94206116118881e-05,2.03981819524405e-05,5.13145039825671e-05,1.9786784924757e-05,5.10732072994947e-05,7.39171718906967e-05,0.000119167210275796,4.67238661639891e-05,5.04547343013572e-05,2.12612060448522e-05,4.42236675956935e-05,2.69791991069708e-05,1.50622656823069e-05,4.43669386873169e-05,4.71376772257105e-05,5.95747931776484e-05,0.000472439086145004,0.000889298009405487,0.00100679442432518,0.00216409335271196,0.00300020123353835,0.00739401564439977,0.00184525765760859,0.00453690592494578,0.00602178444780091,0.00314599446560016,0.00338681509994441,0.0045818952766903,0.00107451597855987,0.00076001528335457,0.000911319454528564,0.000379043086816196,0.000350565805008956,0.000821308666891246,0.000514245430559887,0.000128901315794353,3.8996199061455e-05,0.000207185976778921,0.00011690406763139,2.09757782931195e-05,2.00123043009999e-05,4.86944981516672e-05,0.000451290545156046,6.23524415505119e-05,0.000340401997412518,0.00120814163574872,0.000539193020783848,0.00391583799135713,0.00134261606577672,0.002271899931266,0.002371998634023,0.00256419573243938,0.00192719780820134,0.00165560659413106,0.00155642079771667,0.000349706144060341,0.000689814984359624,0.000406233636945004,0.00126046078269628,0.00204219236072047,0.00292935972198327,0.00227350731610413,0.000395449506127289,0.000123628727819311,0.000465824361046288,4.06966805394717e-05,4.77101518283954e-05,8.05710378196414e-05,7.26101519836308e-05,7.57631643384595e-05,5.86803430676718e-05,2.04034746552227e-05,1.77464075776773e-05,4.39455520742984e-05,3.34091718052662e-05,7.21326086247674e-05,6.18179847693794e-05,0.000181856546201404,0.000892440021243554,0.000688613587519879,0.0022878039800933,0.000969442057932609,0.00235329072148484,0.00171121181724396,0.00217202593037535,0.000966957411274504,0.000540069135831182,0.00294514814913924,0.000955216399448985,0.00107369889240078,0.000861305512213545,0.000691670201121383,0.00043719320671661,0.000611669083054425,0.00195294418342667,0.00116333908536368,0.00082457649513911,0.0010782412481952,4.17803703593317e-05,0.000726833337441301,0.000211115520867843,0.000228435340537381,9.64849852116698e-05,7.79467201231072e-05,3.184890316122e-05,0.000195672013421408,6.46831204104408e-05,1.509956266617e-05,2.91108491998922e-05,2.05002847765759e-05,3.00705987194434e-05,1.67815932476302e-05,3.37886716634302e-05,1.54772215815406e-05,2.63024823895534e-05,2.96734752094449e-05,1.30258724958602e-05
5.94211453303203e-05,2.96817580243927e-05,8.21113622773582e-05,3.05986510845772e-05,9.77789079094164e-05,3.97765257335135e-05,5.48189730040873e-05,5.74194603092072e-05,8.62545374848669e-05,6.33892727889975e-05,4.39113418159328e-05,6.19183887391002e-05,6.85941521169991e-05,3.44603557029636e-05,0.000172630721950228,8.67522779583057e-06,0.000104701231773731,3.09913984708673e-05,0.000161451438970697,0.00027301846435036,0.000998475381572152,0.000255248183661375,0.00101023657318941,0.00103352049725474,0.000278083248152197,0.000249174107185016,0.00103429788787401,0.000858356140186462,0.000267882353488163,0.000659567238153902,0.00016778423298334,0.000126371025796167,5.51928213459308e-05,0.000139854438196423,0.00010008652361035,0.000366026632730716,0.00015790695538217,6.32900962158841e-05,5.02080637863217e-05,9.71890587494156e-05,7.16895607384524e-05,3.16450888272122e-05,4.46627145539815e-05,0.000159112579761566,0.000309586746193493,0.000188560397246768,0.000118798642112954,6.06007356128634e-05,0.000287850158466867,0.000225406326628831,0.00173864569472644,0.000743996774869604,0.000670235895048856,0.00108084383609446,0.000134309041670682,0.000292234704756778,0.000223631914069677,0.000230832060600065,0.000152175913415874,0.000378014226908308,0.000272294535482788,0.000971852369427824,0.00100585751510165,0.00151430830019679,0.00245222333561214,0.000405977971712526,0.000171016026026399,0.000534294785629737,0.000364165509500418,7.3895162701572e-05,0.00019223813934707,0.000214046206732008,6.40996806890332e-05,0.000135635203916804,5.56886623878141e-05,9.16647473080658e-05,7.97163410432078e-05,6.76921053469962e-05,9.75941159067002e-05,1.73371223484266e-05,4.93473953266791e-05,8.47070405254489e-05,0.000247747858866996,0.000263431444821624,0.000143431923269515,0.000225533090455319,0.000223325193697171,0.00021942174051321,0.000221029021161665,0.000142657253657198,0.000284707792326079,0.000152188687151793,3.53331868973304e-05,7.06330819390608e-05,8.41922142921099e-05,0.000260672735067974,0.000105774812915444,9.75034301738412e-05,0.000134487045729012,5.28971326015136e-05,4.52042902158794e-05,2.54398722103695e-05,7.90394867981494e-05,4.74432859600966e-05,1.33139412491304e-05,6.60428597760096e-05,2.10944691398462e-05,9.15046403494863e-05,2.71635664467375e-05,0.00022480222286598,1.9004197668336e-05,7.54176287376704e-06,2.80243564994004e-05,2.87662471584283e-05,4.61122942409678e-05,3.51102809081938e-05,5.60498729101725e-05,1.72225925552987e-05,2.07035697224831e-05,3.64768581489223e-05
3.69583044352578e-05,1.06097290822551e-05,3.63107569758321e-05,7.72068826002868e-05,3.44432204263442e-05,1.41366382286592e-05,4.39749851938135e-05,3.35826438297325e-05,2.93102313992288e-05,5.32969295592678e-05,1.99287434856912e-05,1.21376784139391e-05,2.24261461491064e-05,3.85005169970801e-05,3.20887838410602e-05,5.04477848861909e-05,3.86507977930414e-05,2.9210782208338e-05,1.83811845484788e-05,3.3053002413722e-05,0.000181426750410956,0.000120892259663686,0.000198250428774648,0.000463105621077557,0.000240423280270158,0.000230234823727048,0.000132807852634124,0.000401885911857672,0.000116443209054749,0.000234995798725935,0.000133135905680992,3.43413179133503e-05,5.89739971203088e-05,2.21428887347001e-05,1.90260986372277e-05,4.29649050640808e-05,8.36227062384254e-05,0.000111903516253711,9.93730047142217e-05,9.80447618979262e-05,0.000141500175300996,3.61982759156384e-05,0.000137115279215309,0.000139792250753363,9.82165406271521e-05,5.56178199982142e-05,9.39118560994275e-05,0.000190781686895474,0.000274290652001311,0.000912818171685182,0.000185548061680623,0.00138349932651288,0.00123878614112491,0.00108911939520121,0.000124845519004873,0.000563186699986505,0.00049162634022156,0.000120182835684852,0.000189067343832515,7.62264775940198e-05,0.000142769440324475,0.000131110528702864,0.000162357474923234,0.000815708196352284,0.000255275494188305,0.00032910371272876,0.000280072684783488,0.000369544726799325,3.34966966611842e-05,0.000210988388476233,0.000184957520446302,0.000249543011359155,9.68990445627189e-05,0.000131294883131069,4.5393852577577e-05,7.80496200080089e-05,6.86218145523951e-05,6.94940178491981e-06,1.8766346420417e-05,0.000130751407611898,3.89813724375951e-05,3.24305120763667e-05,4.71680520409648e-05,8.89561734025788e-05,6.36012722933095e-05,0.000130382783854792,0.00011219460658463,7.10078203263875e-05,0.000145690375784402,4.95520235649023e-05,4.01989902545995e-05,0.000199293810135359,9.57934509421744e-06,0.000160142053679276,7.67214745267935e-05,3.17256676895833e-05,4.20038750318676e-05,7.51734037586339e-05,5.17362001828359e-05,6.16827385118411e-05,1.45840785278674e-05,3.32890088645707e-05,5.6064899251591e-05,1.19340012163895e-05,2.81667202579254e-05,5.78294051749697e-06,3.31425389535395e-05,1.6379370336639e-05,1.20187545921871e-05,4.46044248625536e-05,6.07236165759478e-05,8.81843755290101e-06,5.03335910662763e-05,3.27338930635225e-05,2.26987443794481e-05,3.21561452433309e-05,1.51967214617406e-05,5.23631464085817e-05,3.48130381643387e-05,6.59221420273638e-05
9.58513797514978e-05,4.7654340439502e-05,5.95854334687825e-05,0.000137785422680138,2.90481314415543e-05,0.000179254334546837,0.000169101557820061,0.000100141732437196,3.52087907855178e-05,8.18377890145858e-05,4.63054654227617e-05,7.09857873336254e-05,1.14655523787403e-05,2.32371440653333e-05,8.11697694475068e-05,4.46866517014059e-05,0.000139373603269686,8.24308154929121e-05,1.29352869661823e-05,5.08679660280916e-05,4.73659936726819e-05,7.49767121728581e-05,4.47947101699836e-05,0.000134715451233592,0.000413364921787562,0.00017800509043041,0.000187691198855275,0.000538052605543998,0.000100128081971848,0.000123206759302889,7.89764958715764e-05,7.50386563855508e-05,0.000115688329777919,0.000175862253912155,0.000118862370080862,0.000149814172062659,4.7169802502839e-05,3.9400367219616e-05,5.30457953160458e-05,7.80463627386573e-05,0.000127863066444637,8.26481836987644e-05,5.4899638315073e-05,7.71112516048505e-05,5.37331001625017e-05,0.000107585276543569,0.000197191173633867,0.000117177044353347,0.000727000467121736,0.00131132273086533,0.000887510142532902,0.00308987435494478,0.00154161123839238,0.00199828463633962,0.000283432173351442,0.000691889779628872,0.000169401193015094,0.000326758306970701,0.000249404134973727,0.000580898541462166,0.000800167383798131,0.00162880584800999,0.00135471405282821,0.00083726942924384,0.000962836181211359,0.0013705366754845,0.00165158470637845,0.000950123542358689,0.00142396039698041,0.000153591989328365,0.000328689872191039,8.71287618698564e-05,0.000758175018223698,0.000112915022654275,0.000304741433874944,0.000188190121988295,0.000189327947326642,6.17635470898629e-05,8.821758737131e-05,0.000251490892917348,8.73897704459589e-05,0.000113728247950841,0.000116233324891312,0.000208529827876552,0.000163188983901617,0.000132234459403848,0.000157548041472925,0.000106807900883391,5.60389916739896e-05,0.000244735626685654,0.000157189561393898,0.000120433467260114,0.00018151313670603,8.11743285951615e-05,0.000303196942692355,5.99840428603013e-05,0.000218508815454576,5.94791378140809e-05,3.62605161528275e-05,6.87265874743101e-05,0.000265597823256091,3.251122611148e-05,9.57215739177641e-05,8.05690893178576e-05,4.77901382296166e-05,0.000145904506743722,0.000116743851690662,9.39793030784285e-05,0.00016691156490162,1.09969674200131e-05,5.16843839442593e-05,0.000179794464418475,4.10220064310399e-05,7.85707556250665e-05,8.52389380746311e-05,3.99761084852392e-05,0.000280638582039279,1.84842004039141e-05,4.60829038008118e-05,4.6231939553338e-05
1.98859338686777e-05,2.0897358473804e-05,5.56612144439763e-06,2.69042074568221e-05,1.6787596192879e-05,2.86239220100859e-05,3.70920661363552e-05,1.64812816100757e-05,3.56715356942924e-05,5.98840480775758e-05,8.78730915817099e-06,1.33166836576013e-05,2.52860809965944e-05,3.20546976328698e-05,2.12037368810132e-05,1.36267477470215e-05,2.88823800391431e-05,1.9259872973479e-05,6.00883018084465e-05,2.36304292559551e-05,0.000120066100408437,4.40615575114792e-05,0.000174031842244418,8.07565400379516e-05,0.000110179274451149,0.000107130459295926,0.000155226855168317,0.000149617223789306,6.06835925389807e-05,0.000109373197394356,7.58213880230295e-05,2.61071326523014e-05,2.95152007942601e-05,2.15912702495833e-05,1.13740450098188e-05,6.08190846731237e-05,0.000107861793553194,5.94025326481064e-05,3.92154053416892e-05,6.33646781432268e-05,0.000186990980342176,0.000128356866254712,4.22838754306959e-05,0.000145976435233418,0.000251479372869449,0.000370141237986949,0.000372357573925473,6.46569581905144e-05,0.000290892847490797,0.000730481971445369,0.000940037588032379,0.00102467746150334,0.000556254569865001,0.000725747790119373,0.000501872964622544,0.000111823084887089,0.000335366283879282,0.000211225682182574,0.000194339258785623,0.000169621926988601,0.000303739031887561,0.000696603658740756,0.000231703827631391,0.00171339124958351,0.000351663129058355,0.000246412300522411,0.00162339693662634,0.00140337844547135,0.000129595356480103,0.000758305170751207,0.00162481918269601,0.000528011150425219,0.000579347782412789,0.000256069901381918,0.00068297988670247,0.000343938938274321,0.000253649896333651,5.79654878432765e-05,0.000191908943710664,0.000126768909627428,9.98295503170591e-05,0.000114776282907547,8.86774206286143e-05,7.67815563924279e-05,0.000249567105732898,0.000108370757902947,6.05012150062979e-05,0.000115637615535195,5.28048918026758e-05,7.01894617033035e-05,6.41610665653555e-05,4.74589596922386e-05,5.9807408560329e-05,6.26311711823726e-05,8.55476733352012e-05,2.59954763959462e-05,3.08768143951141e-05,5.82105680653482e-05,6.15607325624948e-05,9.66769221754644e-05,6.37468528812084e-05,4.9875304395027e-05,1.87137222000053e-05,4.22508586398867e-05,2.46427940593263e-05,1.69203037067321e-05,5.55524427940698e-05,2.64196843491252e-05,1.44554905967874e-05,4.89847564237206e-05,1.15400393963358e-05,3.83111522618723e-06,2.77852843928623e-05,2.70117362964895e-05,1.93818890604783e-05,2.68476353668407e-05,1.55529103106513e-05,6.31914708557172e-06,5.5350164383856e-05,2.67580708906897e-05
3.94051460861928e-05,3.68800577927864e-05,1.93765383179199e-05,4.19101640878072e-05,1.6902534330482e-05,2.82700287441784e-05,2.04223050373034e-05,3.13347811134057e-05,1.46705904910954e-05,8.3989326050444e-06,1.40656247427781e-05,1.72143923746931e-05,1.59277053085998e-05,1.58890875496388e-05,3.04962794522026e-05,1.11795124356521e-05,3.91148368130204e-05,1.16273548126905e-05,2.65878006872537e-05,1.18468378939146e-05,0.000120570705655344,3.92696278784818e-05,3.60417109503355e-05,9.64292308845078e-05,0.000134248497557828,6.0938986561157e-05,2.01111779568698e-05,7.6555092349107e-05,6.37878028753689e-05,7.18060150888716e-05,1.56262482004946e-05,2.82829096656851e-05,4.08315891288592e-05,7.52922421050499e-06,1.03521880560509e-05,7.12655129476875e-05,0.000108974657281005,5.80699964407819e-05,2.877016390662e-05,4.58602071828376e-05,0.000175959169133936,9.42938864708208e-05,6.89050709802525e-05,0.000145063138832206,0.000479142975957107,0.000720872103545602,0.000907065195456085,0.000531605850625763,0.000465588263624307,0.000582954606027086,0.00331970090023725,0.00159196877443458,0.000641329314533057,0.00104405120542045,0.000140623041067934,0.000282326481544387,0.000183824458730471,0.00013730459356704,3.25759515769413e-05,6.20017907830338e-05,0.00023431200630453,0.000692591860951236,0.000275610679338496,0.0011040779276195,0.00193317822276863,0.00083873764626628,0.000354787813708489,0.000495945335995028,0.000664522119963106,0.00154115355214249,0.000315081534199871,0.000651601659907985,0.00109710435070582,0.000103726032216903,0.000376436344682194,8.06793229658329e-05,9.72316892771656e-05,8.23475156219293e-05,4.05743658320406e-05,9.54803093344728e-05,5.34465699245216e-05,6.49722321586829e-05,3.97567783863069e-05,3.28284619536432e-05,2.15633179974705e-05,9.20853216353969e-05,0.000116024335533299,0.000109562519686238,4.0419545940527e-05,0.000112491410918561,7.71329166640341e-05,1.67295007461693e-05,0.000187291541394764,3.11599185504371e-05,5.33139988696004e-05,6.6159895465346e-05,0.000104844117509018,0.000114427493205786,0.000129787449259561,0.000128411929324748,6.30868830862326e-05,9.15335176028805e-05,4.82889647580456e-05,8.44771243815599e-05,1.8119647970448e-05,4.49446627280112e-05,8.33999989266707e-05,4.65104617321189e-05,3.52075761383087e-05,1.52277248226542e-05,2.98586618118967e-05,2.49376391086039e-05,3.52157955909856e-05,3.07705408429015e-05,1.97576204460644e-05,1.84812294217298e-05,4.43881163479536e-05,3.28302552060815e-05,1.24607652493888e-05,0.000100231035569555
3.59854555591809e-05,4.37485355933276e-06,1.69842171369939e-05,3.56953997701765e-05,2.23954805574075e-05,2.22008409765392e-05,3.58016815530279e-05,2.77833450711386e-05,1.87916287600971e-05,1.05554481454937e-05,2.61767979105661e-05,1.62105523514466e-05,6.05330432881019e-06,8.62224484604853e-06,4.86586712467634e-06,1.24817753140211e-05,5.57205005705987e-05,6.0426875093784e-05,2.36027941972958e-05,9.40660667836713e-05,0.000102159790981864,4.73136411117096e-05,0.000191063319435838,4.93717096318821e-05,3.12999975180397e-05,5.28283920888768e-05,0.000179698297616344,8.54094379809655e-05,3.71603642423547e-05,6.96700245607449e-05,5.93497321118453e-05,1.21172114109224e-05,5.59788888470572e-06,1.65700960403358e-05,3.03605525214691e-05,4.45868935919828e-05,2.85038106598628e-05,1.36656661037166e-05,3.77675134887852e-05,2.68665748354271e-05,4.41682287881168e-05,2.25490848507512e-05,3.45953369604348e-05,1.16926467866368e-05,0.000140412808868496,0.000196903848832962,0.000100250673831963,0.000288519125844483,0.000353260131986109,0.000354987295054652,0.000953226626626902,8.51091849012323e-05,0.000376173226340511,0.000403800284275262,0.000429512376345457,0.000143229240151588,0.000259950258358249,0.000252880785987755,5.31597634120032e-05,0.000169358711339539,0.000161580399382646,0.000475097384789998,0.000556050622812702,0.00119540610640792,0.0004822712569419,0.00136828476925365,0.00130343648866507,0.000798918278158069,0.0013464755267229,0.000514338259439356,0.00227192916542106,0.00110867552592861,0.00140771267942394,0.000594704905955124,0.00102313825688503,0.000289517216714658,0.000369789865320933,0.000144238516011323,0.000302162160455816,0.000100692694656406,4.19627505582631e-05,0.000104737257046267,0.000755221574053067,0.000648872074022882,0.000141942907869559,0.000151237425863699,9.48429754348669e-05,0.000178150198540257,0.000209016956357355,0.000119992972282141,0.000229963324692974,7.22105306588115e-05,6.08137350400699e-05,4.31723039373693e-05,5.01504852709274e-05,6.84204563638084e-05,0.000221141993048735,0.000170442606527407,6.35555842881038e-05,2.43684866416555e-05,1.76913090862656e-05,2.47230072130965e-05,6.63373039223423e-05,8.9528748384928e-05,1.34794412789582e-05,3.14287267849028e-05,6.38674448197128e-06,7.31589835112341e-06,1.96633294084639e-05,2.03127992420118e-05,1.81263887214316e-05,1.832386571242e-05,2.95060074136169e-05,2.79438874618834e-05,2.06787186626195e-05,2.08602757550485e-05,1.57232090750504e-05,2.48276085441922e-05,2.04056112844325e-06,2.03267788038336e-05
1.15672857408604e-05,1.05376264175882e-05,2.47292202086856e-05,2.31784003801783e-05,4.43897350992453e-05,1.10592816683885e-05,1.71125469721595e-05,6.12171615195191e-05,2.08456389499772e-05,2.45912961167242e-05,2.8675488208798e-05,1.79402762922181e-05,1.13059350797307e-05,9.03287761103162e-06,9.59194476777397e-06,1.07737498983509e-05,2.39444805023061e-05,3.79244803169961e-05,1.29175672198603e-05,6.75949839692631e-05,3.84985283800597e-05,5.88100451877353e-05,5.76963619510764e-05,0.000117904548906784,3.02119400965108e-05,5.59058628622102e-05,4.55652500179951e-05,0.000355549830296325,7.48811130927398e-05,5.04624337916425e-05,3.56501895965569e-05,2.3765147598319e-05,2.39509910578139e-05,2.09445039020929e-05,2.99246755360619e-05,8.81487048794487e-05,7.05290986652153e-05,6.9601655660742e-05,5.8448075250917e-05,3.58630043001339e-05,2.43467469392272e-05,2.50898758673692e-05,3.33369897021028e-05,2.88649783320449e-05,1.78068765565488e-05,0.000253407573885709,9.15343063037965e-05,0.000184466741313175,0.000169386795129318,0.00126341161602893,0.0039469040659192,0.00100035242093284,0.000786154330009956,0.000140792675664735,0.000692782557460526,0.00026378820891367,0.000299315063354554,0.00018024963754672,8.40492933794431e-05,7.83216308297238e-05,0.000504944035059913,0.00014301475215971,0.000672834185445911,0.00239320769297157,0.000395902895887094,0.00057141978421349,0.00270144510820993,0.00293904596519333,0.00107546959457094,0.00342298199498547,0.00353433252649617,0.00345061282388804,0.00110887009893105,0.000140975190919818,0.000401685734941665,0.000360102626978619,0.000774724865217175,0.000269180691668099,0.000291960014925908,0.000179259529248806,6.49141524691911e-05,0.000191003141451499,8.85841027429418e-05,0.000150484486422111,0.000168741145605677,9.52850992827874e-05,3.68600506858176e-05,0.000125843840859098,0.000104400201195986,0.000110245516767752,4.06255366995458e-05,4.97901389348211e-06,0.00011850536576871,4.06552073139977e-05,9.77907521688484e-05,3.02846737027879e-05,6.72143036966353e-05,0.000153284903416256,6.97861389648831e-05,5.36078619673873e-05,9.898103612862e-05,8.67138148964348e-05,4.94323755378553e-05,3.16069906511049e-05,4.59302339092041e-05,3.80318396293226e-05,6.48316681451803e-05,2.53626627505622e-05,1.11540823081391e-05,2.05919884064964e-05,3.90752516245095e-05,1.27634011565987e-05,2.84197435994749e-05,4.92854183801945e-05,3.37079673505067e-05,9.59996879475377e-06,4.67341661185229e-05,1.97322150496656e-05,1.70192510253915e-05,1.04233182053799e-05
1.30906836574933e-05,1.69351821326939e-05,2.05594613066094e-05,1.88837599096607e-05,2.00143028420554e-05,4.04091046602771e-05,3.36479815466036e-05,1.59807866695688e-05,1.51589347167314e-05,1.21773167999448e-05,1.17961447296248e-05,1.30665421267683e-05,2.34956248762242e-05,2.12007902147579e-05,9.73918923823927e-06,1.8903376489083e-05,6.13727242089726e-05,5.17555896608169e-05,4.05303826463202e-05,2.66228162055903e-05,2.62562019341429e-05,0.000137069476127999,0.000202773147004047,0.000163056708406043,0.000306456413121306,0.000170470021910044,8.38933264622669e-05,0.000686577251250968,0.000125163016151211,7.08932539076294e-05,2.23863170084568e-05,5.19360428855547e-05,9.80206045434693e-06,7.96371597588149e-05,7.02096562899078e-05,5.41827312639065e-05,1.45456758268768e-05,8.00460049661796e-05,3.88459470868861e-05,7.83977703154361e-05,8.55254114691981e-05,5.12540711839658e-05,1.27835037331709e-05,2.33961755220533e-05,0.000126368622275031,7.11398965854893e-05,0.00013172014424501,0.000213903100781583,0.000282035880152881,0.00108012692536187,0.00292136135373432,0.000665087086090394,0.000269686093293318,0.000169896319277938,0.000339625590969061,0.0001744557484872,0.000370698988951158,9.09603846820501e-05,9.99820244272011e-05,0.000122637291301419,0.000338671881562928,0.000333336549793657,0.000489660440198915,0.00035526393673572,0.00217822774040881,0.00201096979771476,0.0052798550308077,0.00327541840714414,0.00351618567829325,0.00137205758104286,0.00110559500624731,0.00102774458824577,0.00128983217763776,0.000871679839769987,0.0022906110876019,0.000576767322826681,0.000725034969312969,0.000117714878967892,0.00031027733898612,0.000100810404579065,4.73604121873955e-05,9.19466324135944e-05,0.000284320761634176,0.000288670883011209,0.000502107824139575,0.000100935134993981,6.36753451035916e-05,0.00015138199013953,0.000277721388756103,0.000183973394245482,7.71719082882377e-05,0.000138578437958153,0.000320834651406208,5.91348242513903e-05,4.57702840490664e-05,6.44379016721513e-05,4.62801427565105e-05,0.000130987115721331,9.65224895110968e-05,0.000190362980426928,0.000110390799530245,4.89989303966622e-05,3.18315188173893e-05,2.1275171767498e-05,4.48411610753411e-05,4.64293598041564e-05,1.78641578890515e-05,1.43230171371825e-05,5.34145418768495e-05,3.75259509328746e-05,2.11231108255409e-05,9.51559467362144e-06,1.65569299941111e-05,2.79106441421885e-05,6.39585045509202e-06,2.17007063678363e-05,8.09200086343486e-06,1.22422328574289e-05,9.00061686119111e-06,1.38039905529965e-05
2.26760500492928e-05,5.97110381080089e-06,3.06391043947958e-05,3.1279395270848e-05,6.77199376811995e-06,9.60342597620255e-06,3.71396787964545e-05,1.47616512275106e-05,7.23658444306465e-05,1.02425331796463e-05,2.67540356758006e-05,1.35486137882957e-05,1.76675809951464e-05,7.81538816427677e-06,3.89647218706312e-05,1.28074025368308e-05,3.17252677763916e-05,3.74577960087086e-05,1.486814029512e-05,4.26877940615546e-05,2.67210678130837e-05,2.8029226226434e-05,2.87137419626008e-05,6.23800972526803e-05,5.62742366445266e-05,7.42573023488689e-05,4.64326225010551e-05,0.000228470426873888,8.74668866303587e-05,7.99064784460784e-06,3.07522855557542e-05,1.93318857098215e-05,1.4739265940329e-05,2.32256620853113e-05,1.71899615398268e-05,4.5208072173722e-05,9.83432789011965e-05,2.587586995901e-05,4.26168045210643e-05,4.32525734045448e-05,2.94048065439461e-05,1.00183555753478e-05,2.19986700948947e-05,2.36488447299437e-05,3.93406400601818e-05,4.48158360391107e-05,7.58300059383957e-05,9.286239573736e-05,0.000119963862388233,0.000635463196205884,0.00107320044018463,0.000484802691981587,0.000181421424906497,0.000209071773812192,0.000353298924498763,0.000120620779721542,0.000144503159758233,5.9437105970604e-05,0.000218507582973757,0.000485711397400216,0.000513185578491395,0.00097996493747556,0.000358329657462559,0.00106141533140158,0.00105495301688281,0.000629351421592024,0.00296092824736595,0.00335685524434235,0.00319982678585133,0.0028624860146777,0.000988946812110137,0.00199610286404299,0.00080084275866961,0.000505591837290595,0.000251304259566084,0.000455842905653439,0.000329269627355538,0.000173981806292372,0.00016030387242801,0.0003160285827565,0.000158585196839683,0.000173548968739451,0.000106796931486938,8.99782938546924e-05,0.000167056060665679,4.63087307258509e-05,7.43517909667346e-05,6.58363678063727e-05,6.9743906741274e-05,2.81604250233238e-05,2.80646091207226e-05,4.23122335718896e-05,0.000133386273263625,2.75160883840676e-05,2.61995923955476e-05,6.8253719321868e-05,0.000132346960306848,2.31922898212429e-05,2.99612796402853e-05,2.72046689303666e-05,5.54808438673872e-05,3.89420091974247e-05,2.10827749293114e-05,6.05961195455814e-06,3.15966186074968e-05,1.11683900401719e-05,4.93510971763397e-05,2.46868034190133e-05,1.34492512192022e-05,1.33961031948484e-05,3.64840707141881e-05,1.1818963393589e-05,1.66971901643701e-05,1.33218208212129e-05,1.58157799028755e-05,1.49689497264129e-05,1.16390324202503e-05,1.621294057856e-05,3.07842543027458e-05,3.32496831941919e-05
0.000142484410388765,2.81304091357895e-05,0.000137245822454608,8.79950590081495e-05,0.000141113515105282,0.000155156888371462,0.000211659694432607,8.64576877375953e-05,6.75022784963413e-05,7.25142494016948e-05,0.000127406873262501,0.000101153693778137,5.16370868830381e-05,9.25526881537786e-05,8.97548003534946e-05,0.000121350510606554,7.34615081748254e-05,0.000118056114496958,9.78653976970887e-05,8.99241078690857e-05,0.000112301892456278,0.000150406270433493,0.000137036078519168,6.25824153813145e-05,1.84831981277044e-05,1.92237815829369e-05,1.80497933453152e-05,0.000108155896561926,6.74252264468411e-05,4.35383636856379e-05,6.64961426164312e-05,6.24078461770012e-05,6.64612204859131e-05,4.17350976392931e-05,2.83334989346574e-05,4.96026419877933e-05,0.000134018269306845,0.000139263449401108,0.000157910186978459,0.0001471132016923,7.8744260425337e-05,4.54708127708037e-05,0.000145644566464401,3.06704197882031e-05,8.04946399269708e-05,0.000139257053695015,7.48048755424268e-05,7.68060515622983e-05,0.000131742221219749,0.000275319247099936,0.00121940770703734,0.000166419035084954,0.000146088382275763,0.000120131358083085,0.000131081111930239,0.000197725104160966,0.000479576771027532,0.000334988891402054,0.00019198766119117,0.000590137573051225,0.00213055766081777,0.00302076305967678,0.0077370114111591,0.00859732471481396,0.00312855387575891,0.00483404707875243,0.00529745269111261,0.0224689807580918,0.0288682390344879,0.00864312216035369,0.0269001663321817,0.0203988713184117,0.00628213803933242,0.00696877837561141,0.00148054646725999,0.00147730415128846,0.00293503521149242,0.000802490993112774,0.000615053292933139,0.000557945578830021,0.000818026769435584,0.000467540757482058,0.000177236794760098,0.000241191984714602,0.000139800099665133,0.000138580715238176,0.00018629630624838,0.000135986129831183,8.40665468310226e-05,0.000125612719225888,0.00011920059940117,0.000104094088734774,0.000178701521500394,0.000141008354634588,7.61461041335887e-05,5.59746113692761e-05,0.000218565089536085,0.000107281585264253,2.60752317108258e-05,4.81752479434164e-05,0.000112049206605774,0.000141673722690108,0.000118342753353886,3.69421199729045e-05,0.00010633995531934,0.000166020601119765,0.000174684718625082,4.02851254266848e-05,6.24578787228607e-05,3.15573770410089e-05,5.14502072085325e-05,7.85026183396905e-05,7.87329088045852e-05,4.90606707713897e-05,7.73467268328662e-05,6.69129193662485e-05,0.00014426675091169,8.8580210454263e-05,8.7800431971508e-05,0.000152229558221067
